1 1
2 1
3 1
4 1
5 1
6 1
7 1
8 1
9 1
10 1
11 1
12 1
13 1
14 1
15 1
16 1
17 1
18 1
19 1
20 1
21 1
22 1
23 1
24 1
25 1
26 1
27 1
28 1
29 1
30 1
31 1
32 1
33 1
34 1
35 1
36 1
37 1
38 1
39 1
40 1
41 1
42 1
43 1
44 1
45 1
46 1
47 1
48 1
49 1
50 1
51 1
52 1
53 1
54 1
55 1
56 1
57 1
58 1
59 1
60 1
61 1
62 1
63 1
64 1
65 1
66 1
67 1
68 1
69 1
70 1
71 1
72 1
73 1
74 1
75 1
76 1
77 1
78 1
79 1
80 1
81 1
82 1
83 1
84 1
85 1
86 1
87 1
88 1
89 1
90 1
91 1
92 1
93 1
94 1
95 1
96 1
97 1
98 1
99 1
100 1
101 1
102 1
103 1
104 1
105 1
106 1
107 1
108 1
109 1
110 1
111 1
112 1
113 1
114 1
115 1
116 1
117 1
118 1
119 1
120 1
121 1
122 1
123 1
124 1
125 1
126 1
127 1
128 1
129 1
130 1
131 1
132 1
133 1
134 1
135 1
136 1
137 1
138 1
139 1
140 1
141 1
142 1
143 1
144 1
145 1
146 1
147 1
148 1
149 1
150 1
151 1
152 1
153 1
154 1
155 1
156 1
157 1
158 1
159 1
160 1
161 1
162 1
163 1
164 1
165 1
166 1
167 1
168 1
169 1
170 1
171 1
172 1
173 1
174 1
175 1
176 2
177 2
178 2
179 2
180 2
181 2
182 2
183 2
184 2
185 2
186 2
187 2
188 2
189 2
190 2
191 2
192 2
193 2
194 2
195 2
196 2
197 2
198 2
199 2
200 2
201 2
202 2
203 2
204 2
205 2
206 2
207 2
208 2
209 2
210 2
211 2
212 2
213 2
214 2
215 2
216 2
217 2
218 2
219 2
220 2
221 2
222 2
223 2
224 2
225 2
226 2
227 2
228 2
229 2
230 2
231 2
232 2
233 2
234 2
235 2
236 2
237 2
238 2
239 2
240 2
241 2
242 2
243 2
244 2
245 2
246 2
247 2
248 2
249 2
250 2
251 2
252 2
253 2
254 2
255 2
256 2
257 2
258 2
259 2
260 2
261 2
262 2
263 2
264 2
265 2
266 2
267 2
268 2
269 2
270 2
271 2
272 2
273 2
274 2
275 2
276 2
277 2
278 2
279 2
280 2
281 2
282 2
283 2
284 2
285 2
286 2
287 2
288 2
289 2
290 2
291 2
292 2
293 2
294 2
295 2
296 2
297 2
298 2
299 2
300 2
301 2
302 2
303 2
304 2
305 2
306 2
307 2
308 2
309 2
310 2
311 2
312 2
313 2
314 2
315 2
316 2
317 2
318 2
319 2
320 2
321 2
322 2
323 2
324 2
325 2
326 2
327 2
328 2
329 2
330 2
331 2
332 2
333 2
334 2
335 2
336 2
337 2
338 2
339 2
340 2
341 2
342 2
343 2
344 2
345 2
346 2
347 2
348 2
349 2
350 2
351 3
352 3
353 3
354 3
355 3
356 3
357 3
358 3
359 3
360 3
361 3
362 3
363 3
364 3
365 3
366 3
367 3
368 3
369 3
370 3
371 3
372 3
373 3
374 3
375 3
376 3
377 3
378 3
379 3
380 3
381 3
382 3
383 3
384 3
385 3
386 3
387 3
388 3
389 3
390 3
391 3
392 3
393 3
394 3
395 3
396 3
397 3
398 3
399 3
400 3
401 3
402 3
403 3
404 3
405 3
406 3
407 3
408 3
409 3
410 3
411 3
412 3
413 3
414 3
415 3
416 3
417 3
418 3
419 3
420 3
421 3
422 3
423 3
424 3
425 3
426 3
427 3
428 3
429 3
430 3
431 3
432 3
433 3
434 3
435 3
436 3
437 3
438 3
439 3
440 3
441 3
442 3
443 3
444 3
445 3
446 3
447 3
448 3
449 3
450 3
451 3
452 3
453 3
454 3
455 3
456 3
457 3
458 3
459 3
460 3
461 3
462 3
463 3
464 3
465 3
466 3
467 3
468 3
469 3
470 3
471 3
472 3
473 3
474 3
475 3
476 3
477 3
478 3
479 3
480 3
481 3
482 3
483 3
484 3
485 3
486 3
487 3
488 3
489 3
490 3
491 3
492 3
493 3
494 3
495 3
496 3
497 3
498 3
499 3
500 3
501 3
502 3
503 3
504 3
505 3
506 3
507 3
508 3
509 3
510 3
511 3
512 3
513 3
514 3
515 3
516 3
517 3
518 3
519 3
520 3
521 3
522 3
523 3
524 3
525 3
526 4
527 4
528 4
529 4
530 4
531 4
532 4
533 4
534 4
535 4
536 4
537 4
538 4
539 4
540 4
541 4
542 4
543 4
544 4
545 4
546 4
547 4
548 4
549 4
550 4
551 4
552 4
553 4
554 4
555 4
556 4
557 4
558 4
559 4
560 4
561 4
562 4
563 4
564 4
565 4
566 4
567 4
568 4
569 4
570 4
571 4
572 4
573 4
574 4
575 4
576 4
577 4
578 4
579 4
580 4
581 4
582 4
583 4
584 4
585 4
586 4
587 4
588 4
589 4
590 4
591 4
592 4
593 4
594 4
595 4
596 4
597 4
598 4
599 4
600 4
601 4
602 4
603 4
604 4
605 4
606 4
607 4
608 4
609 4
610 4
611 4
612 4
613 4
614 4
615 4
616 4
617 4
618 4
619 4
620 4
621 4
622 4
623 4
624 4
625 4
626 4
627 4
628 4
629 4
630 4
631 4
632 4
633 4
634 4
635 4
636 4
637 4
638 4
639 4
640 4
641 4
642 4
643 4
644 4
645 4
646 4
647 4
648 4
649 4
650 4
651 4
652 4
653 4
654 4
655 4
656 4
657 4
658 4
659 4
660 4
661 4
662 4
663 4
664 4
665 4
666 4
667 4
668 4
669 4
670 4
671 4
672 4
673 4
674 4
675 4
676 4
677 4
678 4
679 4
680 4
681 4
682 4
683 4
684 4
685 4
686 4
687 4
688 4
689 4
690 4
691 4
692 4
693 4
694 4
695 4
696 4
697 4
698 4
699 4
700 4
701 5
702 5
703 5
704 5
705 5
706 5
707 5
708 5
709 5
710 5
711 5
712 5
713 5
714 5
715 5
716 5
717 5
718 5
719 5
720 5
721 5
722 5
723 5
724 5
725 5
726 5
727 5
728 5
729 5
730 5
731 5
732 5
733 5
734 5
735 5
736 5
737 5
738 5
739 5
740 5
741 5
742 5
743 5
744 5
745 5
746 5
747 5
748 5
749 5
750 5
751 5
752 5
753 5
754 5
755 5
756 5
757 5
758 5
759 5
760 5
761 5
762 5
763 5
764 5
765 5
766 5
767 5
768 5
769 5
770 5
771 5
772 5
773 5
774 5
775 5
776 5
777 5
778 5
779 5
780 5
781 5
782 5
783 5
784 5
785 5
786 5
787 5
788 5
789 5
790 5
791 5
792 5
793 5
794 5
795 5
796 5
797 5
798 5
799 5
800 5
801 5
802 5
803 5
804 5
805 5
806 5
807 5
808 5
809 5
810 5
811 5
812 5
813 5
814 5
815 5
816 5
817 5
818 5
819 5
820 5
821 5
822 5
823 5
824 5
825 5
826 5
827 5
828 5
829 5
830 5
831 5
832 5
833 5
834 5
835 5
836 5
837 5
838 5
839 5
840 5
841 5
842 5
843 5
844 5
845 5
846 5
847 5
848 5
849 5
850 5
851 5
852 5
853 5
854 5
855 5
856 5
857 5
858 5
859 5
860 5
861 5
862 5
863 5
864 5
865 5
866 5
867 5
868 5
869 5
870 5
871 5
872 5
873 5
874 5
875 5
876 6
877 6
878 6
879 6
880 6
881 6
882 6
883 6
884 6
885 6
886 6
887 6
888 6
889 6
890 6
891 6
892 6
893 6
894 6
895 6
896 6
897 6
898 6
899 6
900 6
901 6
902 6
903 6
904 6
905 6
906 6
907 6
908 6
909 6
910 6
911 6
912 6
913 6
914 6
915 6
916 6
917 6
918 6
919 6
920 6
921 6
922 6
923 6
924 6
925 6
926 6
927 6
928 6
929 6
930 6
931 6
932 6
933 6
934 6
935 6
936 6
937 6
938 6
939 6
940 6
941 6
942 6
943 6
944 6
945 6
946 6
947 6
948 6
949 6
950 6
951 6
952 6
953 6
954 6
955 6
956 6
957 6
958 6
959 6
960 6
961 6
962 6
963 6
964 6
965 6
966 6
967 6
968 6
969 6
970 6
971 6
972 6
973 6
974 6
975 6
976 6
977 6
978 6
979 6
980 6
981 6
982 6
983 6
984 6
985 6
986 6
987 6
988 6
989 6
990 6
991 6
992 6
993 6
994 6
995 6
996 6
997 6
998 6
999 6
1000 6
1001 6
1002 6
1003 6
1004 6
1005 6
1006 6
1007 6
1008 6
1009 6
1010 6
1011 6
1012 6
1013 6
1014 6
1015 6
1016 6
1017 6
1018 6
1019 6
1020 6
1021 6
1022 6
1023 6
1024 6
1025 6
1026 6
1027 6
1028 6
1029 6
1030 6
1031 6
1032 6
1033 6
1034 6
1035 6
1036 6
1037 6
1038 6
1039 6
1040 6
1041 6
1042 6
1043 6
1044 6
1045 6
1046 6
1047 6
1048 6
1049 6
1050 6
