1 20 0.09413514
1 30 0.09453723
1 48 0.11095466
1 83 0.36254430
1 96 0.15047843
2 7 0.16544859
2 24 0.10483387
2 59 0.31295620
2 95 0.13182419
2 563 0.13528887
3 20 0.15110707
3 42 0.15893564
3 64 0.14408247
3 73 0.11774194
3 74 0.09038712
3 86 0.11448998
3 95 0.22604974
3 128 0.07458066
3 418 0.13036970
3 419 0.09275241
3 449 0.15014114
3 497 0.06514998
3 566 0.05426130
4 34 0.07541329
4 48 0.08019971
4 219 0.07647995
4 395 0.06948789
4 425 0.07766001
5 16 0.18096282
5 17 0.14925803
5 22 0.15872743
5 27 0.19300507
5 64 0.14366313
5 72 0.17243089
5 96 0.13325750
5 108 0.04448155
5 550 0.04856729
6 13 0.07040630
6 14 0.04906684
6 33 0.09117572
6 317 0.04822035
6 520 0.04343576
7 2 0.16544859
7 24 0.14698064
7 48 0.10714587
7 59 0.14471515
7 414 0.07398870
7 563 0.18375781
8 25 0.87971228
8 83 0.08681052
8 141 0.06702000
8 434 0.07364094
8 435 0.05356048
8 508 0.06042612
9 39 0.11483808
9 58 0.05349539
9 87 0.23712604
9 89 0.13869010
9 95 0.14461747
9 112 0.05718054
9 242 0.08851833
9 449 0.12171603
9 500 0.15265915
9 506 0.07861088
9 536 0.08598853
10 16 0.14783108
10 17 0.16353511
10 27 0.16854090
10 77 0.15969536
10 84 0.28714381
11 95 0.06149539
11 243 0.07139023
11 252 0.05973282
11 525 0.07751734
11 581 0.06261161
12 15 0.18509250
12 67 0.19020632
12 71 0.10605458
12 79 0.26527677
12 82 0.21048799
12 83 0.22074404
12 86 0.20200555
12 96 0.10007782
13 6 0.07040630
13 23 0.22028579
13 29 0.23342138
13 42 0.21112285
13 47 0.23826038
13 63 0.27597559
13 84 0.06960695
13 90 0.21101558
13 459 0.10785302
13 488 0.10040442
13 503 0.11045101
13 560 0.13866333
13 597 0.15852461
14 6 0.04906684
14 67 0.10716619
14 71 0.08352370
14 92 0.14876113
14 95 0.10277423
14 449 0.11121836
14 464 0.11598505
14 510 0.08939505
14 521 0.04551703
14 541 0.07354643
15 12 0.18509250
15 67 0.20155980
15 79 0.31123838
15 82 0.21074123
15 83 0.24062841
16 5 0.18096282
16 10 0.14783108
16 18 0.16971205
16 22 0.18239329
16 26 0.15190542
16 27 0.67867904
16 46 0.26827998
16 61 0.30303215
16 77 0.17212002
16 85 0.18135603
16 571 0.14471462
17 5 0.14925803
17 10 0.16353511
17 22 0.16007317
17 27 0.17172458
17 47 0.17041605
17 63 0.18618746
17 77 0.29113573
18 16 0.16971205
18 24 0.28757410
18 27 0.16217688
18 46 0.15081550
18 61 0.18189596
18 67 0.26145444
18 406 0.05980169
19 21 0.09210763
19 31 0.05816581
19 47 0.07508847
19 77 0.08071552
19 576 0.34599338
20 1 0.09413514
20 3 0.15110707
20 48 0.09345945
20 95 0.09390474
20 449 0.07920172
21 19 0.09210763
21 31 0.17534170
21 47 0.20902213
21 60 0.12164014
21 77 0.20623460
21 84 0.10577800
21 91 0.14610190
21 364 0.06724581
21 568 0.16583128
22 5 0.15872743
22 16 0.18239329
22 17 0.16007317
22 26 0.65531042
22 27 0.18614038
22 37 0.24996299
22 51 0.10065060
22 514 0.10477889
23 13 0.22028579
23 29 0.18181118
23 31 0.21985964
23 42 0.16092687
23 50 0.26699262
23 90 0.39803204
23 91 0.39321033
23 214 0.06178285
23 459 0.12242027
23 503 0.11077081
23 557 0.04638884
24 2 0.10483387
24 7 0.14698064
24 18 0.28757410
24 37 0.21857524
24 56 0.25255685
24 59 0.13110735
24 66 0.21887196
24 67 0.38155335
24 563 0.18585677
25 8 0.87971228
25 163 0.05861294
25 434 0.06581510
25 471 0.06483457
25 508 0.06096593
26 16 0.15190542
26 22 0.65531042
26 27 0.15252287
26 37 0.24081204
26 46 0.14063126
26 52 0.11181305
26 80 0.10168189
27 5 0.19300507
27 10 0.16854090
27 16 0.67867904
27 17 0.17172458
27 18 0.16217688
27 22 0.18614038
27 26 0.15252287
27 46 0.24555696
27 61 0.30889532
27 64 0.14802203
27 85 0.16099675
27 568 0.18082015
27 571 0.15617797
28 55 0.07434460
28 73 0.10394457
28 89 0.07187439
28 449 0.07109891
28 534 0.12882071
29 13 0.23342138
29 23 0.18181118
29 47 0.22103701
29 50 0.45511571
29 63 0.27467044
29 88 0.14753969
29 503 0.11714150
30 1 0.09453723
30 43 0.06305983
30 48 0.14890681
30 89 0.13557142
30 95 0.14978304
30 449 0.13623172
30 488 0.10113497
30 534 0.10979282
31 19 0.05816581
31 21 0.17534170
31 23 0.21985964
31 47 0.18591160
31 50 0.23659248
31 90 0.23036838
31 91 0.35952849
31 364 0.06187650
31 470 0.07821439
31 540 0.05918436
32 70 0.13270076
32 95 0.11571608
32 268 0.11634031
32 411 0.13328821
32 462 0.09498016
32 490 0.08969228
32 591 0.11510221
33 6 0.09117572
33 36 0.37553825
33 74 0.07251303
33 95 0.06835003
33 449 0.07722019
34 4 0.07541329
34 74 0.11003784
34 509 0.16910326
34 527 0.20721685
34 552 0.23110783
34 553 0.22218290
34 584 0.15933186
35 38 0.11919231
35 95 0.10714520
35 425 0.10428301
35 471 0.12846755
35 534 0.11507142
36 33 0.37553825
36 95 0.06129830
36 448 0.07120579
36 500 0.06316650
36 511 0.05906265
37 22 0.24996299
37 24 0.21857524
37 26 0.24081204
37 52 0.15872145
37 56 0.19980177
37 67 0.21739426
37 80 0.11524089
37 514 0.07835023
38 35 0.11919231
38 72 0.09608753
38 80 0.10531631
38 449 0.09252995
38 534 0.10882745
39 9 0.11483808
39 95 0.13100603
39 99 0.23983744
39 112 0.05763543
39 433 0.07905644
39 448 0.23573692
39 449 0.11894993
39 460 0.10323349
39 474 0.10992401
39 480 0.08366752
39 561 0.05625918
39 580 0.06040331
39 585 0.09104438
40 67 0.23198677
40 79 0.20619382
40 82 0.16969513
40 83 0.18814665
40 99 0.12017406
40 429 0.12367869
40 473 0.14357120
40 479 0.06070576
40 554 0.18502944
41 44 0.18813080
41 54 0.30190235
41 60 0.07195198
41 78 0.08770123
41 434 0.07376374
42 3 0.15893564
42 13 0.21112285
42 23 0.16092687
42 71 0.11469304
42 90 0.16213885
42 95 0.19823633
42 128 0.08022470
42 159 0.04710756
42 189 0.04169066
42 218 0.04984446
42 221 0.08434401
42 419 0.09369579
42 459 0.13317837
42 503 0.12832566
42 510 0.07127422
42 513 0.07044166
42 547 0.17688312
42 548 0.07898736
42 554 0.13477060
42 560 0.12596845
42 570 0.04569562
42 577 0.08633920
43 30 0.06305983
43 95 0.06229435
43 246 0.06813536
43 296 0.06580130
43 538 0.14076135
44 41 0.18813080
44 54 0.29818169
44 78 0.21640599
44 95 0.08726986
44 434 0.07601794
44 527 0.09635624
45 49 0.31589512
45 55 0.44837996
45 66 0.22215768
45 420 0.12713680
45 598 0.12933425
46 16 0.26827998
46 18 0.15081550
46 26 0.14063126
46 27 0.24555696
46 61 0.18451631
47 13 0.23826038
47 17 0.17041605
47 19 0.07508847
47 21 0.20902213
47 29 0.22103701
47 31 0.18591160
47 63 0.59814557
47 77 0.25729324
47 85 0.16394637
47 91 0.21043073
48 1 0.11095466
48 4 0.08019971
48 7 0.10714587
48 20 0.09345945
48 30 0.14890681
48 95 0.16072411
48 410 0.11970480
48 449 0.12030407
48 525 0.09494996
48 546 0.06073447
48 578 0.08877943
48 595 0.06218516
49 45 0.31589512
49 66 0.20631108
49 193 0.04951154
49 400 0.04381460
49 511 0.04337617
50 23 0.26699262
50 29 0.45511571
50 31 0.23659248
50 88 0.10541468
50 90 0.23753630
50 91 0.27941385
50 364 0.07127605
50 535 0.02840214
50 559 0.06967647
51 22 0.10065060
51 95 0.09804677
51 100 0.08072412
51 422 0.06678628
51 463 0.08612721
51 467 0.12246551
52 26 0.11181305
52 37 0.15872145
52 72 0.09505920
52 80 0.29240834
52 95 0.09137698
52 137 0.06554477
52 549 0.08734666
52 557 0.04095141
53 79 0.13899679
53 83 0.14181130
53 163 0.14262650
53 233 0.07760761
53 409 0.12272172
53 457 0.11034005
53 465 0.09065029
54 41 0.30190235
54 44 0.29818169
54 78 0.26306875
54 182 0.04799206
54 274 0.06958245
54 507 0.07140489
55 28 0.07434460
55 45 0.44837996
55 74 0.08886012
55 420 0.11165788
55 565 0.07262436
55 573 0.06800951
55 597 0.07750103
55 598 0.13369030
56 24 0.25255685
56 37 0.19980177
56 62 0.11884355
56 65 0.05594718
56 66 0.25719887
56 67 0.24337564
56 474 0.13034429
56 527 0.21857274
57 75 0.15349658
57 97 0.10749551
57 154 0.06010005
57 194 0.12128111
57 423 0.09919868
57 477 0.09282745
58 9 0.05349539
58 74 0.06021231
58 95 0.04826960
58 408 0.12203477
58 436 0.05761490
59 2 0.31295620
59 7 0.14471515
59 24 0.13110735
59 560 0.07408230
59 563 0.19191028
60 21 0.12164014
60 41 0.07195198
60 65 0.07205880
60 84 0.09324142
60 119 0.08346283
60 123 0.07876006
60 194 0.06633851
60 535 0.06738345
60 547 0.10622593
60 568 0.16210412
61 16 0.30303215
61 18 0.18189596
61 27 0.30889532
61 46 0.18451631
61 64 0.16951915
62 56 0.11884355
62 488 0.08063499
62 509 0.14700815
62 527 0.25572086
62 550 0.05510515
62 552 0.21051940
62 553 0.18936999
63 13 0.27597559
63 17 0.18618746
63 29 0.27467044
63 47 0.59814557
63 85 0.16625268
63 91 0.18552343
64 3 0.14408247
64 5 0.14366313
64 27 0.14802203
64 61 0.16951915
64 72 0.12330718
64 95 0.14632520
65 56 0.05594718
65 60 0.07205880
65 66 0.06350511
65 67 0.05217855
65 547 0.05552913
66 24 0.21887196
66 45 0.22215768
66 49 0.20631108
66 56 0.25719887
66 65 0.06350511
66 67 0.21810226
67 12 0.19020632
67 14 0.10716619
67 15 0.20155980
67 18 0.26145444
67 24 0.38155335
67 37 0.21739426
67 40 0.23198677
67 56 0.24337564
67 65 0.05217855
67 66 0.21810226
67 79 0.26065077
67 82 0.20277918
68 74 0.05180989
68 75 0.10246201
68 76 0.07169357
68 534 0.13537323
68 539 0.14412131
69 327 0.14151116
69 526 0.03991360
69 547 0.16263012
69 568 0.13147277
69 571 0.13847911
69 597 0.18829412
70 32 0.13270076
70 92 0.10698238
70 347 0.10140084
70 449 0.12324291
70 463 0.10644106
70 496 0.08470071
71 12 0.10605458
71 14 0.08352370
71 42 0.11469304
71 86 0.08093089
71 95 0.10874579
72 5 0.17243089
72 38 0.09608753
72 52 0.09505920
72 64 0.12330718
72 95 0.11508793
72 100 0.12118062
72 202 0.04948954
72 514 0.08106710
72 548 0.09071259
73 3 0.11774194
73 28 0.10394457
73 87 0.11979370
73 89 0.12129418
73 95 0.17999709
73 214 0.05980204
73 449 0.12054849
73 501 0.10373546
74 3 0.09038712
74 33 0.07251303
74 34 0.11003784
74 55 0.08886012
74 58 0.06021231
74 68 0.05180989
74 81 0.10304019
74 95 0.10222522
74 231 0.10793413
74 395 0.05927473
75 57 0.15349658
75 68 0.10246201
75 76 0.11797413
75 97 0.20162740
75 194 0.05670189
75 534 0.12953695
76 68 0.07169357
76 75 0.11797413
76 92 0.09229261
76 97 0.14107457
76 456 0.09976282
76 473 0.15309003
76 481 0.10533760
76 486 0.12477021
76 543 0.12757602
76 572 0.10122558
77 10 0.15969536
77 16 0.17212002
77 17 0.29113573
77 19 0.08071552
77 21 0.20623460
77 47 0.25729324
77 85 0.18473716
78 41 0.08770123
78 44 0.21640599
78 54 0.26306875
78 95 0.16177295
78 439 0.10882389
78 443 0.11078117
78 522 0.08563618
78 550 0.03857296
78 558 0.10895796
79 12 0.26527677
79 15 0.31123838
79 40 0.20619382
79 53 0.13899679
79 67 0.26065077
79 82 0.37922942
79 83 0.36531857
80 26 0.10168189
80 37 0.11524089
80 38 0.10531631
80 52 0.29240834
80 522 0.12908207
81 74 0.10304019
81 87 0.12279573
81 95 0.08011153
81 109 0.05533575
81 117 0.06031975
81 221 0.07678760
81 395 0.06921749
81 449 0.08732794
82 12 0.21048799
82 15 0.21074123
82 40 0.16969513
82 67 0.20277918
82 79 0.37922942
82 83 0.25658629
82 94 0.14842399
82 391 0.09163450
83 1 0.36254430
83 8 0.08681052
83 12 0.22074404
83 15 0.24062841
83 40 0.18814665
83 53 0.14181130
83 79 0.36531857
83 82 0.25658629
83 96 0.13060453
84 10 0.28714381
84 13 0.06960695
84 21 0.10577800
84 60 0.09324142
84 568 0.13014652
85 16 0.18135603
85 27 0.16099675
85 47 0.16394637
85 63 0.16625268
85 77 0.18473716
85 279 0.07264137
85 533 0.10752389
86 3 0.11448998
86 12 0.20200555
86 71 0.08093089
86 96 0.07044157
86 315 0.09596802
86 596 0.04061404
87 9 0.23712604
87 73 0.11979370
87 81 0.12279573
87 95 0.17707916
87 410 0.15515379
87 412 0.13275513
87 448 0.13373166
87 450 0.09741715
87 478 0.13264976
87 505 0.11139805
87 561 0.06068106
87 581 0.06973576
88 29 0.14753969
88 50 0.10541468
88 89 0.10782447
88 95 0.10923144
88 97 0.13244332
88 104 0.07546177
88 475 0.08102022
89 9 0.13869010
89 28 0.07187439
89 30 0.13557142
89 73 0.12129418
89 88 0.10782447
89 95 0.18972541
89 401 0.12459423
89 415 0.13839061
89 439 0.12414217
89 443 0.14904457
89 444 0.07604030
89 449 0.14035415
89 493 0.09406945
89 501 0.10289292
89 520 0.10104176
89 536 0.09507307
89 595 0.06386763
90 13 0.21101558
90 23 0.39803204
90 31 0.23036838
90 42 0.16213885
90 50 0.23753630
90 91 0.87309440
91 21 0.14610190
91 23 0.39321033
91 31 0.35952849
91 47 0.21043073
91 50 0.27941385
91 63 0.18552343
91 90 0.87309440
92 14 0.14876113
92 70 0.10698238
92 76 0.09229261
92 95 0.09412770
92 417 0.08409477
92 556 0.09273433
93 324 0.04101297
93 337 0.13343084
93 392 0.05673073
93 445 0.07405308
93 470 0.07295696
94 82 0.14842399
94 413 0.08388032
94 423 0.12338350
94 448 0.10233076
94 513 0.07246886
94 539 0.09967213
94 558 0.11313361
95 2 0.13182419
95 3 0.22604974
95 9 0.14461747
95 11 0.06149539
95 14 0.10277423
95 20 0.09390474
95 30 0.14978304
95 32 0.11571608
95 33 0.06835003
95 35 0.10714520
95 36 0.06129830
95 39 0.13100603
95 42 0.19823633
95 43 0.06229435
95 44 0.08726986
95 48 0.16072411
95 51 0.09804677
95 52 0.09137698
95 58 0.04826960
95 64 0.14632520
95 71 0.10874579
95 72 0.11508793
95 73 0.17999709
95 74 0.10222522
95 78 0.16177295
95 81 0.08011153
95 87 0.17707916
95 88 0.10923144
95 89 0.18972541
95 92 0.09412770
95 97 0.12822666
95 100 0.09289360
95 128 0.07774371
95 218 0.04806685
95 231 0.12494648
95 401 0.12757119
95 402 0.07599658
95 404 0.05624180
95 406 0.05431736
95 410 0.15021137
95 415 0.15278136
95 417 0.07287860
95 418 0.19168877
95 419 0.10479624
95 423 0.14039135
95 425 0.12287556
95 426 0.08164233
95 432 0.15562368
95 436 0.10257948
95 439 0.11745545
95 440 0.11442049
95 443 0.17219796
95 446 0.07755840
95 448 0.15034770
95 449 0.25588585
95 454 0.07039494
95 459 0.15874256
95 460 0.11462930
95 463 0.13634856
95 464 0.13166688
95 471 0.14644076
95 481 0.11111858
95 492 0.14908669
95 495 0.06924899
95 497 0.07662824
95 503 0.12881174
95 505 0.12149810
95 508 0.15766633
95 510 0.08805348
95 513 0.06159940
95 516 0.14334518
95 522 0.09096774
95 523 0.16118394
95 525 0.09662243
95 529 0.09873768
95 533 0.11360147
95 534 0.19739204
95 536 0.09911906
95 539 0.09483952
95 542 0.07309715
95 546 0.06808350
95 548 0.09712674
95 556 0.11944050
95 572 0.09471147
95 578 0.07042100
95 581 0.07754724
95 582 0.05167430
95 586 0.09446066
95 591 0.12908026
95 594 0.07416312
95 598 0.11591002
95 600 0.03752657
96 1 0.15047843
96 5 0.13325750
96 12 0.10007782
96 83 0.13060453
96 86 0.07044157
96 449 0.07352785
97 57 0.10749551
97 75 0.20162740
97 76 0.14107457
97 88 0.13244332
97 95 0.12822666
97 418 0.11709863
97 453 0.08694936
97 546 0.07092643
97 555 0.04469207
98 483 0.14164163
98 509 0.17759594
98 511 0.14842760
98 527 0.14270331
98 552 0.18340969
98 553 0.17896982
99 39 0.23983744
99 40 0.12017406
99 448 0.10054301
99 449 0.09705440
99 474 0.13329583
99 513 0.05724465
99 519 0.06249984
99 585 0.08368199
100 51 0.08072412
100 72 0.12118062
100 95 0.09289360
100 447 0.08034872
100 522 0.08428229
101 115 0.07797288
101 116 0.07228758
101 117 0.06504566
101 125 0.08140942
101 143 0.06847173
101 164 0.07115490
101 174 0.06278935
102 105 0.21329820
102 108 0.06986879
102 135 0.24841884
102 145 0.14636759
102 187 0.08855491
102 191 0.09024774
103 131 0.06000742
103 133 0.07882627
103 145 0.05385289
103 147 0.07718107
103 158 0.06358708
103 164 0.08553513
103 168 0.05908439
103 170 0.08436273
103 172 0.10211592
103 191 0.15213396
104 88 0.07546177
104 109 0.04871019
104 118 0.31768103
104 156 0.04595737
104 318 0.04802201
105 102 0.21329820
105 110 0.08783003
105 125 0.07315029
105 135 0.16351473
105 187 0.68291990
105 191 0.13748949
106 131 0.07408203
106 139 0.10550408
106 145 0.11260944
106 151 0.08759283
106 155 0.16017821
106 161 0.10322599
106 192 0.17079770
106 193 0.08271036
107 121 0.14080282
107 129 0.09521872
107 132 0.09258370
107 139 0.15227950
107 148 0.10607714
107 151 0.12126655
107 162 0.07329686
107 164 0.13672496
107 184 0.08020095
108 5 0.04448155
108 102 0.06986879
108 196 0.06232248
108 367 0.04782500
108 371 0.03946744
109 81 0.05533575
109 104 0.04871019
109 119 0.06566284
109 151 0.05883779
109 182 0.06058843
109 412 0.05603602
110 105 0.08783003
110 127 0.24347771
110 132 0.19174781
110 141 0.07009900
110 166 0.07527435
110 177 0.06930865
110 180 0.08148274
110 181 0.20090097
110 187 0.09870384
110 191 0.18848791
111 122 0.08896861
111 129 0.36397540
111 135 0.14687882
111 159 0.04633478
111 184 0.05116163
111 187 0.09387904
111 191 0.10909223
111 286 0.07176947
112 9 0.05718054
112 39 0.05763543
112 161 0.06740672
112 163 0.10538535
112 165 0.06136721
113 118 0.05035504
113 214 0.07400157
113 244 0.05356343
113 384 0.05251278
113 595 0.05016237
114 128 0.06754389
114 153 0.06925042
114 164 0.09490215
114 183 0.07585076
114 507 0.07055491
115 101 0.07797288
115 124 0.08680212
115 134 0.08152501
115 140 0.07384718
115 154 0.06766057
115 157 0.06136814
115 169 0.12992584
116 101 0.07228758
116 125 0.66807186
116 143 0.06486386
116 187 0.07434206
116 592 0.07695519
117 81 0.06031975
117 101 0.06504566
117 144 0.06732536
117 152 0.04678875
117 167 0.06036946
117 192 0.06014168
118 104 0.31768103
118 113 0.05035504
118 121 0.05791117
118 173 0.07847463
118 268 0.05985250
118 296 0.06083555
119 60 0.08346283
119 109 0.06566284
119 121 0.09460015
119 123 0.18246739
119 184 0.04383023
119 190 0.06377598
119 386 0.07468186
119 568 0.13604936
120 122 0.27155113
120 139 0.07298381
120 143 0.08215429
120 164 0.05045457
120 167 0.05518908
121 107 0.14080282
121 118 0.05791117
121 119 0.09460015
121 129 0.13620507
121 130 0.08774471
121 132 0.16964233
121 133 0.10999364
121 156 0.12060641
121 159 0.09379535
121 177 0.09115414
121 184 0.05925706
121 197 0.06196874
121 363 0.06226888
122 111 0.08896861
122 120 0.27155113
122 139 0.11628851
122 143 0.08306236
122 144 0.08889132
122 164 0.12058775
122 167 0.09089227
122 171 0.05612942
123 60 0.07876006
123 119 0.18246739
123 143 0.07987532
123 568 0.10242809
123 574 0.08027359
123 575 0.06163016
123 589 0.05438358
124 115 0.08680212
124 139 0.06646244
124 154 0.06129177
124 183 0.05684232
124 394 0.07377266
124 399 0.07477477
125 101 0.08140942
125 105 0.07315029
125 116 0.66807186
125 156 0.09741346
125 177 0.06789597
125 187 0.09758207
125 269 0.06684931
126 129 0.07854283
126 154 0.07793414
126 164 0.05185683
126 169 0.05308254
126 300 0.07371202
127 110 0.24347771
127 132 0.16350672
127 136 0.04870129
127 164 0.05365054
127 503 0.04869261
128 3 0.07458066
128 42 0.08022470
128 95 0.07774371
128 114 0.06754389
128 171 0.05238434
128 418 0.08717548
128 435 0.06404386
128 450 0.06463483
128 521 0.04775023
128 547 0.10902748
129 107 0.09521872
129 111 0.36397540
129 121 0.13620507
129 126 0.07854283
129 178 0.08063622
129 196 0.06975122
130 121 0.08774471
130 139 0.09259215
130 141 0.08593674
130 166 0.06306922
130 170 0.10613119
130 191 0.18714828
131 103 0.06000742
131 106 0.07408203
131 164 0.06275839
131 187 0.06911225
131 346 0.05195397
132 107 0.09258370
132 110 0.19174781
132 121 0.16964233
132 127 0.16350672
132 140 0.09126825
132 156 0.12643935
132 185 0.06586833
132 197 0.08845640
133 103 0.07882627
133 121 0.10999364
133 144 0.07161950
133 147 0.04936028
133 164 0.10112814
133 169 0.07675362
133 188 0.06294800
134 115 0.08152501
134 140 0.10146844
134 173 0.07873859
134 185 0.08439562
134 198 0.07904879
135 102 0.24841884
135 105 0.16351473
135 111 0.14687882
135 143 0.06834078
135 164 0.06101415
136 127 0.04870129
136 164 0.05764123
136 180 0.06346956
136 189 0.06210362
136 511 0.05363357
137 52 0.06554477
137 161 0.05390919
137 206 0.08003012
137 299 0.05269130
137 535 0.05855819
138 141 0.59893682
138 334 0.04863317
138 356 0.05197594
138 374 0.05025072
138 522 0.04978590
139 106 0.10550408
139 107 0.15227950
139 120 0.07298381
139 122 0.11628851
139 124 0.06646244
139 130 0.09259215
139 142 0.07011509
139 144 0.10903819
139 146 0.05692529
139 148 0.09111421
139 161 0.05488732
139 164 0.13612810
139 167 0.08891730
139 179 0.06777032
139 197 0.10053475
140 115 0.07384718
140 132 0.09126825
140 134 0.10146844
140 164 0.07901491
140 173 0.10490017
140 187 0.07809653
141 8 0.06702000
141 110 0.07009900
141 130 0.08593674
141 138 0.59893682
141 187 0.08342820
141 191 0.11773135
142 139 0.07011509
142 156 0.06693191
142 164 0.08125618
142 178 0.06730633
142 190 0.08416567
142 566 0.04584817
143 101 0.06847173
143 116 0.06486386
143 120 0.08215429
143 122 0.08306236
143 123 0.07987532
143 135 0.06834078
143 153 0.10106321
143 164 0.10386624
143 166 0.07691825
143 169 0.12941895
143 195 0.06043636
144 117 0.06732536
144 122 0.08889132
144 133 0.07161950
144 139 0.10903819
144 164 0.12368582
144 167 0.59935343
144 168 0.07943948
144 174 0.05598835
144 197 0.09569674
145 102 0.14636759
145 103 0.05385289
145 106 0.11260944
145 180 0.10549970
145 191 0.09781039
146 139 0.05692529
146 209 0.05968645
146 282 0.04988762
146 411 0.04933410
146 412 0.04956774
147 103 0.07718107
147 133 0.04936028
147 193 0.05546840
147 200 0.05389969
147 238 0.06842182
148 107 0.10607714
148 139 0.09111421
148 156 0.09098750
148 157 0.08575942
148 164 0.11478688
148 172 0.08702750
148 173 0.08180646
148 182 0.04880507
148 190 0.05530021
148 192 0.08619994
148 266 0.05543004
148 280 0.06709552
149 265 0.05690235
149 276 0.07445987
149 298 0.06552368
149 307 0.07622474
149 311 0.07301903
149 338 0.08274975
149 381 0.07348425
149 385 0.09861846
150 158 0.70626180
150 176 0.08483711
150 356 0.06052959
150 391 0.05081247
150 477 0.05004996
151 106 0.08759283
151 107 0.12126655
151 109 0.05883779
151 192 0.08812132
151 193 0.07017157
151 455 0.13063258
152 117 0.04678875
152 164 0.03898897
152 165 0.03910329
152 185 0.04544468
152 287 0.07154951
153 114 0.06925042
153 143 0.10106321
153 160 0.09664913
153 164 0.08395977
153 172 0.08574834
154 57 0.06010005
154 115 0.06766057
154 124 0.06129177
154 126 0.07793414
154 169 0.06374106
154 194 0.05761066
155 106 0.16017821
155 161 0.05360021
155 162 0.06155555
155 181 0.07271893
155 187 0.05742589
155 193 0.05274284
155 244 0.05994197
156 104 0.04595737
156 121 0.12060641
156 125 0.09741346
156 132 0.12643935
156 142 0.06693191
156 148 0.09098750
156 164 0.12448532
156 174 0.07200930
156 186 0.08113503
157 115 0.06136814
157 148 0.08575942
157 162 0.06642690
157 169 0.09467324
157 177 0.06333872
158 103 0.06358708
158 150 0.70626180
158 172 0.05883559
158 191 0.06122555
158 356 0.07267346
159 42 0.04710756
159 111 0.04633478
159 121 0.09379535
159 177 0.04681660
159 437 0.04255064
160 153 0.09664913
160 164 0.05081176
160 206 0.06466734
160 462 0.05679706
160 490 0.07117472
161 106 0.10322599
161 112 0.06740672
161 137 0.05390919
161 139 0.05488732
161 155 0.05360021
161 535 0.04534523
162 107 0.07329686
162 155 0.06155555
162 157 0.06642690
162 164 0.08251808
162 186 0.08344327
162 192 0.11963615
162 198 0.07899957
163 25 0.05861294
163 53 0.14262650
163 112 0.10538535
163 168 0.04760775
163 169 0.07420279
163 171 0.05060185
163 226 0.06801559
163 540 0.06604009
164 101 0.07115490
164 103 0.08553513
164 107 0.13672496
164 114 0.09490215
164 120 0.05045457
164 122 0.12058775
164 126 0.05185683
164 127 0.05365054
164 131 0.06275839
164 133 0.10112814
164 135 0.06101415
164 136 0.05764123
164 139 0.13612810
164 140 0.07901491
164 142 0.08125618
164 143 0.10386624
164 144 0.12368582
164 148 0.11478688
164 152 0.03898897
164 153 0.08395977
164 156 0.12448532
164 160 0.05081176
164 162 0.08251808
164 165 0.07526674
164 167 0.09715370
164 170 0.08024870
164 172 0.11396756
164 173 0.08574153
164 174 0.07699133
164 179 0.07596760
164 181 0.08286686
164 182 0.06268517
164 184 0.04323372
164 185 0.06886207
164 189 0.04883107
164 190 0.06210337
164 192 0.11513714
164 197 0.08964417
164 231 0.11815851
165 112 0.06136721
165 152 0.03910329
165 164 0.07526674
165 169 0.14765231
165 175 0.07869227
165 178 0.10469669
165 180 0.15592383
166 110 0.07527435
166 130 0.06306922
166 143 0.07691825
166 181 0.52575415
166 191 0.13658338
167 117 0.06036946
167 120 0.05518908
167 122 0.09089227
167 139 0.08891730
167 144 0.59935343
167 164 0.09715370
167 168 0.11751399
167 229 0.05727146
167 435 0.07061159
168 103 0.05908439
168 144 0.07943948
168 163 0.04760775
168 167 0.11751399
168 346 0.09531893
169 115 0.12992584
169 126 0.05308254
169 133 0.07675362
169 143 0.12941895
169 154 0.06374106
169 157 0.09467324
169 163 0.07420279
169 165 0.14765231
169 177 0.09791913
169 188 0.05376529
169 200 0.09374951
170 103 0.08436273
170 130 0.10613119
170 164 0.08024870
170 172 0.08844287
170 245 0.07538961
171 122 0.05612942
171 128 0.05238434
171 163 0.05060185
171 546 0.05798912
171 578 0.05702690
172 103 0.10211592
172 148 0.08702750
172 153 0.08574834
172 158 0.05883559
172 164 0.11396756
172 170 0.08844287
172 198 0.08033500
173 118 0.07847463
173 134 0.07873859
173 140 0.10490017
173 148 0.08180646
173 164 0.08574153
173 179 0.06252391
173 218 0.04599719
174 101 0.06278935
174 144 0.05598835
174 156 0.07200930
174 164 0.07699133
174 245 0.06449140
174 259 0.04915020
175 165 0.07869227
175 181 0.07528825
175 187 0.08802883
175 191 0.15014825
175 325 0.07239666
176 150 0.08483711
176 239 0.08454491
176 270 0.07517716
176 282 0.10285917
176 291 0.06243193
177 110 0.06930865
177 121 0.09115414
177 125 0.06789597
177 157 0.06333872
177 159 0.04681660
177 169 0.09791913
177 187 0.07998352
178 129 0.08063622
178 142 0.06730633
178 165 0.10469669
178 180 0.05887988
178 243 0.05828512
179 139 0.06777032
179 164 0.07596760
179 173 0.06252391
179 189 0.07276678
179 190 0.06856995
180 110 0.08148274
180 136 0.06346956
180 145 0.10549970
180 165 0.15592383
180 178 0.05887988
180 191 0.14103753
181 110 0.20090097
181 155 0.07271893
181 164 0.08286686
181 166 0.52575415
181 175 0.07528825
181 187 0.09642057
181 191 0.12396381
182 54 0.04799206
182 109 0.06058843
182 148 0.04880507
182 164 0.06268517
182 502 0.05856923
183 114 0.07585076
183 124 0.05684232
183 195 0.05189330
183 356 0.06599103
183 391 0.06144507
183 433 0.05607431
184 107 0.08020095
184 111 0.05116163
184 119 0.04383023
184 121 0.05925706
184 164 0.04323372
185 132 0.06586833
185 134 0.08439562
185 152 0.04544468
185 164 0.06886207
185 187 0.08080204
185 198 0.08559214
186 156 0.08113503
186 162 0.08344327
186 195 0.05172955
186 200 0.18728038
186 288 0.07125732
186 591 0.06031940
187 102 0.08855491
187 105 0.68291990
187 110 0.09870384
187 111 0.09387904
187 116 0.07434206
187 125 0.09758207
187 131 0.06911225
187 140 0.07809653
187 141 0.08342820
187 155 0.05742589
187 175 0.08802883
187 177 0.07998352
187 181 0.09642057
187 185 0.08080204
187 188 0.07955841
187 191 0.19047350
187 193 0.08460223
188 133 0.06294800
188 169 0.05376529
188 187 0.07955841
188 192 0.05636545
188 462 0.06661310
189 42 0.04169066
189 136 0.06210362
189 164 0.04883107
189 179 0.07276678
189 459 0.04869648
190 119 0.06377598
190 142 0.08416567
190 148 0.05530021
190 164 0.06210337
190 179 0.06856995
190 404 0.05303330
191 102 0.09024774
191 103 0.15213396
191 105 0.13748949
191 110 0.18848791
191 111 0.10909223
191 130 0.18714828
191 141 0.11773135
191 145 0.09781039
191 158 0.06122555
191 166 0.13658338
191 175 0.15014825
191 180 0.14103753
191 181 0.12396381
191 187 0.19047350
191 200 0.06716525
192 106 0.17079770
192 117 0.06014168
192 148 0.08619994
192 151 0.08812132
192 162 0.11963615
192 164 0.11513714
192 188 0.05636545
193 49 0.04951154
193 106 0.08271036
193 147 0.05546840
193 151 0.07017157
193 155 0.05274284
193 187 0.08460223
194 57 0.12128111
194 60 0.06633851
194 75 0.05670189
194 154 0.05761066
194 547 0.06185156
195 143 0.06043636
195 183 0.05189330
195 186 0.05172955
195 286 0.05218254
195 520 0.06964392
195 541 0.04536904
196 108 0.06232248
196 129 0.06975122
196 371 0.07415644
196 580 0.23041589
196 590 0.24445032
197 121 0.06196874
197 132 0.08845640
197 139 0.10053475
197 144 0.09569674
197 164 0.08964417
198 134 0.07904879
198 162 0.07899957
198 172 0.08033500
198 185 0.08559214
198 206 0.07893951
198 404 0.06411421
199 262 0.06253660
199 264 0.05648725
199 265 0.03983255
199 389 0.04160855
199 560 0.03459339
200 147 0.05389969
200 169 0.09374951
200 186 0.18728038
200 191 0.06716525
200 391 0.07388926
200 460 0.07465732
200 596 0.05164313
201 209 0.14952493
201 211 0.12960670
201 222 0.15438316
201 225 0.07865779
201 226 0.11092340
201 232 0.24075814
201 250 0.06833657
201 259 0.12656400
201 287 0.16557199
202 72 0.04948954
202 225 0.05455141
202 232 0.05207153
202 240 0.04027928
202 449 0.04024504
203 220 0.19296705
203 228 0.16834570
203 238 0.06664428
203 267 0.07438320
203 283 0.07686700
203 299 0.21893054
204 222 0.10143294
204 229 0.05764193
204 262 0.10132400
204 272 0.20552503
204 276 0.09029039
204 297 0.15429043
205 222 0.05954606
205 232 0.07443792
205 264 0.05296570
205 283 0.05512947
205 502 0.07041062
206 137 0.08003012
206 160 0.06466734
206 198 0.07893951
206 244 0.06525351
206 267 0.08944893
207 222 0.11059537
207 224 0.10482098
207 230 0.13530662
207 239 0.08139174
207 240 0.08226529
207 278 0.13155048
207 293 0.05683129
208 222 0.04535584
208 262 0.04495460
208 263 0.04412204
208 267 0.04455924
208 285 0.05445949
209 146 0.05968645
209 201 0.14952493
209 222 0.11851459
209 227 0.08652445
209 249 0.08635166
209 287 0.16902060
209 406 0.05183032
209 412 0.08357141
210 224 0.06218659
210 231 0.05754395
210 232 0.05647040
210 234 0.38208903
210 289 0.12009487
211 201 0.12960670
211 225 0.11754651
211 232 0.09938692
211 234 0.20151744
211 254 0.31953551
211 256 0.23736441
211 258 0.07303555
211 268 0.07117329
211 363 0.05486825
212 220 0.06439372
212 233 0.29457954
212 245 0.07227418
212 261 0.08284892
212 267 0.06774365
213 215 0.06718153
213 216 0.13289670
213 239 0.10809803
213 250 0.04930351
213 260 0.05339708
214 23 0.06178285
214 73 0.05980204
214 113 0.07400157
214 267 0.09134400
214 275 0.05399859
214 299 0.06343133
215 213 0.06718153
215 217 0.10050279
215 238 0.09241917
215 248 0.07247171
215 261 0.07740381
215 271 0.12978438
216 213 0.13289670
216 231 0.05430908
216 264 0.05523669
216 276 0.08948289
216 285 0.06415110
217 215 0.10050279
217 252 0.06025220
217 268 0.06337505
217 271 0.32600001
217 274 0.07543566
217 593 0.05048971
218 42 0.04984446
218 95 0.04806685
218 173 0.04599719
218 245 0.05119676
218 264 0.08551530
219 4 0.07647995
219 251 0.05692504
219 262 0.06599148
219 272 0.05690626
219 285 0.06412415
220 203 0.19296705
220 212 0.06439372
220 228 0.20513982
220 274 0.09271325
220 277 0.10789932
220 292 0.06958735
220 299 0.53390682
221 42 0.08434401
221 81 0.07678760
221 231 0.08296344
221 255 0.08157098
221 261 0.08711755
221 279 0.05882707
221 286 0.13797739
222 201 0.15438316
222 204 0.10143294
222 205 0.05954606
222 207 0.11059537
222 208 0.04535584
222 209 0.11851459
222 230 0.34342557
222 240 0.24863771
222 262 0.14335856
222 287 0.19283027
223 235 0.12057176
223 263 0.12460274
223 293 0.05402277
223 295 0.20684488
223 300 0.11804987
223 346 0.14020296
224 207 0.10482098
224 210 0.06218659
224 227 0.07424820
224 262 0.06234665
224 279 0.05506350
225 201 0.07865779
225 202 0.05455141
225 211 0.11754651
225 232 0.33238395
225 256 0.06788900
225 282 0.11120278
225 283 0.07949970
226 163 0.06801559
226 201 0.11092340
226 250 0.06507471
226 258 0.15350522
226 259 0.13697120
227 209 0.08652445
227 224 0.07424820
227 231 0.09607165
227 237 0.10378643
227 247 0.24413487
227 277 0.10916313
227 293 0.05812151
227 297 0.10729386
228 203 0.16834570
228 220 0.20513982
228 262 0.10512591
228 270 0.12251732
228 288 0.06924867
228 296 0.12275827
228 299 0.13258362
229 167 0.05727146
229 204 0.05764193
229 246 0.05809545
229 255 0.05982002
229 276 0.06638734
230 207 0.13530662
230 222 0.34342557
230 240 0.28156108
230 262 0.07011379
230 323 0.07963660
231 74 0.10793413
231 95 0.12494648
231 164 0.11815851
231 210 0.05754395
231 216 0.05430908
231 221 0.08296344
231 227 0.09607165
231 233 0.09410264
231 236 0.06152461
231 239 0.06220082
231 246 0.11365170
231 250 0.08348085
231 251 0.04898583
231 257 0.04769196
231 260 0.06599410
231 280 0.04936723
231 292 0.06638107
231 296 0.08762558
231 516 0.10480498
232 201 0.24075814
232 202 0.05207153
232 205 0.07443792
232 210 0.05647040
232 211 0.09938692
232 225 0.33238395
232 283 0.15778247
232 284 0.08001689
232 288 0.05396374
232 300 0.09347878
233 53 0.07760761
233 212 0.29457954
233 231 0.09410264
233 250 0.07018393
233 255 0.08445479
233 267 0.07743495
234 210 0.38208903
234 211 0.20151744
234 254 0.20673546
234 256 0.09371827
234 265 0.06433074
234 279 0.06332436
234 289 0.13064189
235 223 0.12057176
235 246 0.10063441
235 257 0.04894753
235 263 0.11175355
235 295 0.77961007
235 300 0.09221982
236 231 0.06152461
236 250 0.06183478
236 262 0.05015936
236 443 0.04939617
236 594 0.05118431
237 227 0.10378643
237 243 0.19735249
237 252 0.76932959
237 270 0.07374156
237 525 0.07336084
238 147 0.06842182
238 203 0.06664428
238 215 0.09241917
238 239 0.06697196
238 267 0.09395759
239 176 0.08454491
239 207 0.08139174
239 213 0.10809803
239 231 0.06220082
239 238 0.06697196
239 251 0.04993848
240 202 0.04027928
240 207 0.08226529
240 222 0.24863771
240 230 0.28156108
240 275 0.07495904
240 323 0.13834162
241 246 0.11155789
241 247 0.12933336
241 270 0.11144180
241 277 0.09417405
241 290 0.57598312
241 296 0.12142168
242 9 0.08851833
242 273 0.16931079
242 285 0.07765179
242 411 0.07967942
242 511 0.08634401
243 11 0.07139023
243 178 0.05828512
243 237 0.19735249
243 252 0.20478799
243 260 0.13878752
243 395 0.05821989
243 409 0.07054477
244 113 0.05356343
244 155 0.05994197
244 206 0.06525351
244 260 0.08032284
244 261 0.06662268
244 267 0.16648631
244 277 0.07140013
244 463 0.07049944
245 170 0.07538961
245 174 0.06449140
245 212 0.07227418
245 218 0.05119676
245 251 0.07082732
245 261 0.10376949
245 264 0.11413041
245 280 0.04691359
245 283 0.08559206
245 286 0.08435030
245 289 0.07669988
245 297 0.14933975
246 43 0.06813536
246 229 0.05809545
246 231 0.11365170
246 235 0.10063441
246 241 0.11155789
246 263 0.14154953
246 290 0.11231953
246 295 0.10946320
247 227 0.24413487
247 241 0.12933336
247 249 0.06412229
247 270 0.16904409
247 293 0.13360562
247 296 0.16818514
248 215 0.07247171
248 285 0.07252190
248 443 0.07140646
248 483 0.06503866
248 517 0.07192676
249 209 0.08635166
249 247 0.06412229
249 282 0.06463151
249 412 0.06455238
249 523 0.07111946
249 579 0.06004635
250 201 0.06833657
250 213 0.04930351
250 226 0.06507471
250 231 0.08348085
250 233 0.07018393
250 236 0.06183478
250 259 0.21226072
251 219 0.05692504
251 231 0.04898583
251 239 0.04993848
251 245 0.07082732
251 272 0.06252089
252 11 0.05973282
252 217 0.06025220
252 237 0.76932959
252 243 0.20478799
252 281 0.28646789
252 290 0.28905181
252 294 0.27881486
253 267 0.10217771
253 326 0.07737387
253 351 0.06621636
253 411 0.06694484
253 446 0.06924015
254 211 0.31953551
254 234 0.20673546
254 256 0.18249454
254 261 0.05539553
254 371 0.05351250
255 221 0.08157098
255 229 0.05982002
255 233 0.08445479
255 267 0.08941596
255 276 0.07275543
255 285 0.10842227
255 479 0.04531805
256 211 0.23736441
256 225 0.06788900
256 234 0.09371827
256 254 0.18249454
256 268 0.18504398
257 231 0.04769196
257 235 0.04894753
257 262 0.05204687
257 295 0.05754302
257 433 0.04707275
258 211 0.07303555
258 226 0.15350522
258 268 0.06099482
258 363 0.08160049
258 544 0.06812768
259 174 0.04915020
259 201 0.12656400
259 226 0.13697120
259 250 0.21226072
259 353 0.05333691
260 213 0.05339708
260 231 0.06599410
260 243 0.13878752
260 244 0.08032284
260 267 0.08169703
260 296 0.07644104
261 212 0.08284892
261 215 0.07740381
261 221 0.08711755
261 244 0.06662268
261 245 0.10376949
261 254 0.05539553
261 267 0.11742239
261 283 0.09020763
262 199 0.06253660
262 204 0.10132400
262 208 0.04495460
262 219 0.06599148
262 222 0.14335856
262 224 0.06234665
262 228 0.10512591
262 230 0.07011379
262 236 0.05015936
262 257 0.05204687
262 264 0.11870003
262 300 0.08357943
262 550 0.03861862
263 208 0.04412204
263 223 0.12460274
263 235 0.11175355
263 246 0.14154953
263 295 0.12309499
263 300 0.08189167
264 199 0.05648725
264 205 0.05296570
264 216 0.05523669
264 218 0.08551530
264 245 0.11413041
264 262 0.11870003
264 265 0.07868265
264 267 0.09191493
264 269 0.05345823
264 275 0.04934694
264 285 0.11730876
265 149 0.05690235
265 199 0.03983255
265 234 0.06433074
265 264 0.07868265
265 272 0.05950460
265 585 0.05739413
266 148 0.05543004
266 278 0.05241015
266 280 0.05207629
266 326 0.05444359
266 496 0.05247838
267 203 0.07438320
267 206 0.08944893
267 208 0.04455924
267 212 0.06774365
267 214 0.09134400
267 233 0.07743495
267 238 0.09395759
267 244 0.16648631
267 253 0.10217771
267 255 0.08941596
267 260 0.08169703
267 261 0.11742239
267 264 0.09191493
267 272 0.10349032
267 277 0.09827670
268 32 0.11634031
268 118 0.05985250
268 211 0.07117329
268 217 0.06337505
268 256 0.18504398
268 258 0.06099482
268 271 0.07465349
268 274 0.09074559
269 125 0.06684931
269 264 0.05345823
269 281 0.04757511
269 297 0.05450952
269 559 0.05260909
270 176 0.07517716
270 228 0.12251732
270 237 0.07374156
270 241 0.11144180
270 247 0.16904409
270 282 0.13929969
270 291 0.13134157
270 296 0.16686060
271 215 0.12978438
271 217 0.32600001
271 268 0.07465349
271 274 0.08625550
271 278 0.14657221
271 284 0.26433219
271 557 0.04020430
272 204 0.20552503
272 219 0.05690626
272 251 0.06252089
272 265 0.05950460
272 267 0.10349032
272 276 0.10168003
272 297 0.09436763
272 369 0.07574338
273 242 0.16931079
273 368 0.05109649
273 369 0.04342100
273 500 0.07316104
273 595 0.04866113
274 54 0.06958245
274 217 0.07543566
274 220 0.09271325
274 268 0.09074559
274 271 0.08625550
274 294 0.06361387
274 299 0.11942536
274 455 0.06972182
275 214 0.05399859
275 240 0.07495904
275 264 0.04934694
275 282 0.05353397
275 343 0.05077340
276 149 0.07445987
276 204 0.09029039
276 216 0.08948289
276 229 0.06638734
276 255 0.07275543
276 272 0.10168003
276 277 0.09812546
276 285 0.09105456
276 570 0.06096775
277 220 0.10789932
277 227 0.10916313
277 241 0.09417405
277 244 0.07140013
277 267 0.09827670
277 276 0.09812546
278 207 0.13155048
278 266 0.05241015
278 271 0.14657221
278 283 0.09656947
278 284 0.28141367
278 300 0.09666280
279 85 0.07264137
279 221 0.05882707
279 224 0.05506350
279 234 0.06332436
279 286 0.06938425
279 585 0.06073968
280 148 0.06709552
280 231 0.04936723
280 245 0.04691359
280 266 0.05207629
280 526 0.04140916
281 252 0.28646789
281 269 0.04757511
281 290 0.40866622
281 294 0.38783544
281 297 0.05119878
282 146 0.04988762
282 176 0.10285917
282 225 0.11120278
282 249 0.06463151
282 270 0.13929969
282 275 0.05353397
282 291 0.26961107
282 412 0.07187727
282 521 0.05876988
282 579 0.10698809
283 203 0.07686700
283 205 0.05512947
283 225 0.07949970
283 232 0.15778247
283 245 0.08559206
283 261 0.09020763
283 278 0.09656947
283 284 0.08989493
283 292 0.07203222
283 300 0.10700019
284 232 0.08001689
284 271 0.26433219
284 278 0.28141367
284 283 0.08989493
284 300 0.11806784
285 208 0.05445949
285 216 0.06415110
285 219 0.06412415
285 242 0.07765179
285 248 0.07252190
285 255 0.10842227
285 264 0.11730876
285 276 0.09105456
285 370 0.15234142
285 594 0.08564595
286 111 0.07176947
286 195 0.05218254
286 221 0.13797739
286 245 0.08435030
286 279 0.06938425
286 289 0.05902101
286 291 0.06528777
287 152 0.07154951
287 201 0.16557199
287 209 0.16902060
287 222 0.19283027
287 316 0.08211509
288 186 0.07125732
288 228 0.06924867
288 232 0.05396374
288 396 0.05845303
288 429 0.05805504
289 210 0.12009487
289 234 0.13064189
289 245 0.07669988
289 286 0.05902101
289 296 0.06257691
290 241 0.57598312
290 246 0.11231953
290 252 0.28905181
290 281 0.40866622
290 294 0.39635443
291 176 0.06243193
291 270 0.13134157
291 282 0.26961107
291 286 0.06528777
291 411 0.07141891
291 544 0.05678993
292 220 0.06958735
292 231 0.06638107
292 283 0.07203222
292 343 0.05919412
292 411 0.06476289
293 207 0.05683129
293 223 0.05402277
293 227 0.05812151
293 247 0.13360562
293 387 0.05622333
294 252 0.27881486
294 274 0.06361387
294 281 0.38783544
294 290 0.39635443
294 455 0.06095767
295 223 0.20684488
295 235 0.77961007
295 246 0.10946320
295 257 0.05754302
295 263 0.12309499
295 300 0.13782662
296 43 0.06580130
296 118 0.06083555
296 228 0.12275827
296 231 0.08762558
296 241 0.12142168
296 247 0.16818514
296 260 0.07644104
296 270 0.16686060
296 289 0.06257691
297 204 0.15429043
297 227 0.10729386
297 245 0.14933975
297 269 0.05450952
297 272 0.09436763
297 281 0.05119878
297 585 0.10132054
298 149 0.06552368
298 367 0.06197776
298 381 0.06816935
298 385 0.06917413
298 599 0.05933167
299 137 0.05269130
299 203 0.21893054
299 214 0.06343133
299 220 0.53390682
299 228 0.13258362
299 274 0.11942536
299 527 0.09953366
300 126 0.07371202
300 223 0.11804987
300 232 0.09347878
300 235 0.09221982
300 262 0.08357943
300 263 0.08189167
300 278 0.09666280
300 283 0.10700019
300 284 0.11806784
300 295 0.13782662
301 302 0.06626300
301 308 0.09446521
301 322 0.10967000
301 337 0.16505176
301 342 0.15555376
302 301 0.06626300
302 304 0.18465278
302 309 0.13696789
302 310 0.17850602
302 342 0.33347968
302 352 0.14381670
302 353 0.14600633
302 371 0.11812859
302 380 0.06995309
302 390 0.10226988
302 400 0.09112413
303 312 0.43472221
303 317 0.10524688
303 348 0.07369038
303 371 0.05946215
303 373 0.12393559
304 302 0.18465278
304 310 0.29803914
304 319 0.12819181
304 340 0.08892660
304 342 0.22394870
304 352 0.13450663
304 353 0.18977355
304 366 0.10191489
304 384 0.19097411
305 315 0.06870390
305 325 0.08055764
305 340 0.08666913
305 375 0.06937746
305 377 0.06800309
305 393 0.07753045
306 335 0.06714680
306 340 0.05771807
306 348 0.07418652
306 394 0.07188999
306 396 0.07710264
307 149 0.07622474
307 338 0.10059980
307 356 0.53636746
307 364 0.07581635
307 367 0.15857783
307 369 0.08112940
307 381 0.12104894
307 388 0.08507661
307 391 0.74266962
307 394 0.09701959
307 433 0.07823426
308 301 0.09446521
308 309 0.10766819
308 326 0.08776019
308 328 0.11559513
308 339 0.09799042
308 342 0.15423683
308 343 0.13400017
308 344 0.13539361
308 350 0.10353939
308 354 0.09875839
308 360 0.13363703
308 382 0.13140338
308 386 0.23382653
308 396 0.14022672
308 398 0.12449864
309 302 0.13696789
309 308 0.10766819
309 310 0.09259512
309 321 0.17196700
309 352 0.14707084
309 389 0.07237194
309 400 0.08865637
310 302 0.17850602
310 304 0.29803914
310 309 0.09259512
310 342 0.24433023
310 353 0.30510670
310 384 0.51700246
311 149 0.07301903
311 338 0.10153705
311 374 0.07819848
311 385 0.07553910
311 397 0.28553745
312 303 0.43472221
312 336 0.15585822
312 348 0.18534716
312 373 0.13262348
312 393 0.09333999
312 489 0.05234342
313 352 0.07341286
313 366 0.07098427
313 371 0.09427490
313 376 0.07082698
313 382 0.07378812
314 336 0.14122473
314 341 0.09880015
314 355 0.11431929
314 357 0.14334269
314 381 0.10947752
314 397 0.09701029
315 86 0.09596802
315 305 0.06870390
315 319 0.09040081
315 334 0.08865252
315 393 0.34916971
315 442 0.09211829
316 287 0.08211509
316 333 0.05457290
316 344 0.14185565
316 349 0.06452516
316 351 0.08433836
316 368 0.16191148
316 374 0.09988189
316 378 0.23395776
317 6 0.04822035
317 303 0.10524688
317 325 0.08104241
317 326 0.10981454
317 334 0.16630028
317 365 0.09106351
318 104 0.04802201
318 338 0.09954859
318 342 0.10876360
318 360 0.15336517
318 365 0.10598131
318 375 0.17222648
318 396 0.11077432
319 304 0.12819181
319 315 0.09040081
319 342 0.15473742
319 344 0.15052499
319 362 0.17983528
319 396 0.57850122
320 341 0.11148445
320 344 0.11523290
320 371 0.13567167
320 374 0.14993980
320 380 0.09302043
320 390 0.09802641
320 393 0.09305975
320 399 0.08649990
321 309 0.17196700
321 325 0.06569323
321 330 0.08500965
321 357 0.06886918
321 362 0.05984916
322 301 0.10967000
322 330 0.09484458
322 337 0.15816997
322 342 0.12740777
322 350 0.13138847
322 360 0.11491562
322 375 0.11788905
322 380 0.07427269
323 230 0.07963660
323 240 0.13834162
323 336 0.12399357
323 341 0.21359415
323 343 0.13923059
323 357 0.11861371
323 359 0.09532253
323 387 0.11755620
324 93 0.04101297
324 327 0.09337125
324 347 0.11239144
324 351 0.08820390
324 375 0.11084266
324 388 0.07586409
325 175 0.07239666
325 305 0.08055764
325 317 0.08104241
325 321 0.06569323
325 343 0.11224312
325 354 0.14683958
325 360 0.09892001
325 366 0.10692531
325 375 0.16566031
326 253 0.07737387
326 266 0.05444359
326 308 0.08776019
326 317 0.10981454
326 334 0.10369136
326 340 0.08400754
326 347 0.08671087
326 386 0.08681379
327 69 0.14151116
327 324 0.09337125
327 331 0.15008149
327 351 0.10899365
327 379 0.10503104
328 308 0.11559513
328 337 0.13038267
328 343 0.13578907
328 359 0.09002371
328 382 0.24775823
328 398 0.18408723
329 337 0.15951481
329 345 0.20537358
329 376 0.17472104
329 382 0.09561451
329 392 0.43920397
330 321 0.08500965
330 322 0.09484458
330 350 0.07770880
330 353 0.06913495
330 383 0.04328231
330 392 0.05976012
331 327 0.15008149
331 351 0.13238218
331 354 0.08022515
331 361 0.08784053
331 379 0.10183236
332 334 0.06058357
332 342 0.04450717
332 343 0.05872074
332 373 0.04114412
332 384 0.04549455
333 316 0.05457290
333 364 0.51548276
333 380 0.06110805
333 450 0.06046369
333 466 0.05025383
334 138 0.04863317
334 315 0.08865252
334 317 0.16630028
334 326 0.10369136
334 332 0.06058357
334 351 0.09419615
334 357 0.09177400
334 366 0.09267210
335 306 0.06714680
335 353 0.06188951
335 377 0.18693991
335 387 0.11144936
335 396 0.05990919
336 312 0.15585822
336 314 0.14122473
336 323 0.12399357
336 341 0.13090182
336 344 0.16444037
336 355 0.15432195
336 357 0.20256992
336 372 0.17568128
336 374 0.16790036
336 397 0.11995124
337 93 0.13343084
337 301 0.16505176
337 322 0.15816997
337 328 0.13038267
337 329 0.15951481
337 338 0.10285368
337 345 0.17189736
337 350 0.09635552
337 359 0.08225804
337 376 0.06064775
337 392 0.12019845
338 149 0.08274975
338 307 0.10059980
338 311 0.10153705
338 318 0.09954859
338 337 0.10285368
338 375 0.09926934
339 308 0.09799042
339 341 0.09368219
339 352 0.17971352
339 361 0.10918548
339 375 0.10244609
339 377 0.07512029
340 304 0.08892660
340 305 0.08666913
340 306 0.05771807
340 326 0.08400754
340 358 0.05198125
340 377 0.14800208
340 386 0.11202002
340 404 0.06866910
341 314 0.09880015
341 320 0.11148445
341 323 0.21359415
341 336 0.13090182
341 339 0.09368219
341 344 0.15668382
341 357 0.13859893
341 374 0.17767765
341 376 0.07341852
341 397 0.09164356
342 301 0.15555376
342 302 0.33347968
342 304 0.22394870
342 308 0.15423683
342 310 0.24433023
342 318 0.10876360
342 319 0.15473742
342 322 0.12740777
342 332 0.04450717
342 350 0.08099445
342 353 0.21251499
342 358 0.07264527
342 360 0.14209568
342 369 0.08324613
342 375 0.12966844
342 380 0.07667198
342 384 0.26235293
342 386 0.15471820
342 398 0.11080576
343 275 0.05077340
343 292 0.05919412
343 308 0.13400017
343 323 0.13923059
343 325 0.11224312
343 328 0.13578907
343 332 0.05872074
343 360 0.13348899
343 362 0.11086303
343 373 0.08773587
343 384 0.17925476
343 393 0.08993373
344 308 0.13539361
344 316 0.14185565
344 319 0.15052499
344 320 0.11523290
344 336 0.16444037
344 341 0.15668382
344 368 0.19432260
344 374 0.36722674
344 378 0.25118845
344 386 0.20137530
344 396 0.16123735
345 329 0.20537358
345 337 0.17189736
345 353 0.15254237
345 375 0.12390192
345 392 0.18010932
346 131 0.05195397
346 168 0.09531893
346 223 0.14020296
346 415 0.07067786
346 520 0.08973146
346 565 0.07005996
346 585 0.08583624
347 70 0.10140084
347 324 0.11239144
347 326 0.08671087
347 369 0.12022920
347 388 0.11785333
347 398 0.09287812
348 303 0.07369038
348 306 0.07418652
348 312 0.18534716
348 367 0.07934138
348 373 0.11879595
348 386 0.07439891
348 393 0.09995315
349 316 0.06452516
349 351 0.09529461
349 369 0.07189128
349 370 0.10443520
349 378 0.08790846
350 308 0.10353939
350 322 0.13138847
350 330 0.07770880
350 337 0.09635552
350 342 0.08099445
350 362 0.10511272
351 253 0.06621636
351 316 0.08433836
351 324 0.08820390
351 327 0.10899365
351 331 0.13238218
351 334 0.09419615
351 349 0.09529461
351 352 0.11804813
351 361 0.09671987
351 367 0.20611894
351 370 0.08843387
351 375 0.10615461
351 379 0.10255412
351 400 0.09133489
352 302 0.14381670
352 304 0.13450663
352 309 0.14707084
352 313 0.07341286
352 339 0.17971352
352 351 0.11804813
352 354 0.12653563
352 368 0.09003636
352 385 0.11830955
352 390 0.09898778
353 259 0.05333691
353 302 0.14600633
353 304 0.18977355
353 310 0.30510670
353 330 0.06913495
353 335 0.06188951
353 342 0.21251499
353 345 0.15254237
353 371 0.14372599
353 384 0.13852005
353 387 0.10671582
353 390 0.15179930
354 308 0.09875839
354 325 0.14683958
354 331 0.08022515
354 352 0.12653563
354 375 0.14859809
354 388 0.09421809
355 314 0.11431929
355 336 0.15432195
355 357 0.63608598
355 363 0.24793639
355 365 0.12303916
355 372 0.19250555
356 138 0.05197594
356 150 0.06052959
356 158 0.07267346
356 183 0.06599103
356 307 0.53636746
356 367 0.11941069
356 381 0.08881291
356 391 0.51542841
356 394 0.10183058
356 414 0.05537778
357 314 0.14334269
357 321 0.06886918
357 323 0.11861371
357 334 0.09177400
357 336 0.20256992
357 341 0.13859893
357 355 0.63608598
357 362 0.09294364
357 372 0.24087039
357 374 0.14039576
357 397 0.12491048
358 340 0.05198125
358 342 0.07264527
358 379 0.06194504
358 389 0.10524437
358 392 0.05061507
359 323 0.09532253
359 328 0.09002371
359 337 0.08225804
359 366 0.26367821
359 387 0.07586264
360 308 0.13363703
360 318 0.15336517
360 322 0.11491562
360 325 0.09892001
360 342 0.14209568
360 343 0.13348899
360 361 0.11821999
360 375 0.18679865
360 396 0.12357609
360 400 0.10047438
361 331 0.08784053
361 339 0.10918548
361 351 0.09671987
361 360 0.11821999
361 375 0.12321604
361 379 0.09674415
362 319 0.17983528
362 321 0.05984916
362 343 0.11086303
362 350 0.10511272
362 357 0.09294364
362 396 0.09982701
363 121 0.06226888
363 211 0.05486825
363 258 0.08160049
363 355 0.24793639
363 365 0.15589440
364 21 0.06724581
364 31 0.06187650
364 50 0.07127605
364 307 0.07581635
364 333 0.51548276
365 317 0.09106351
365 318 0.10598131
365 355 0.12303916
365 363 0.15589440
365 366 0.18585229
365 375 0.11835347
366 304 0.10191489
366 313 0.07098427
366 325 0.10692531
366 334 0.09267210
366 359 0.26367821
366 365 0.18585229
366 375 0.12340543
366 385 0.09361964
367 108 0.04782500
367 298 0.06197776
367 307 0.15857783
367 348 0.07934138
367 351 0.20611894
367 356 0.11941069
367 381 0.67586239
367 385 0.09341650
367 386 0.19804464
368 273 0.05109649
368 316 0.16191148
368 344 0.19432260
368 352 0.09003636
368 374 0.14278596
368 378 0.27315075
369 272 0.07574338
369 273 0.04342100
369 307 0.08112940
369 342 0.08324613
369 347 0.12022920
369 349 0.07189128
369 383 0.05319153
369 388 0.76266233
369 390 0.08622569
369 593 0.04286688
370 285 0.15234142
370 349 0.10443520
370 351 0.08843387
370 378 0.10233199
370 388 0.14254535
371 108 0.03946744
371 196 0.07415644
371 254 0.05351250
371 302 0.11812859
371 303 0.05946215
371 313 0.09427490
371 320 0.13567167
371 353 0.14372599
371 374 0.11486293
371 390 0.26025655
372 336 0.17568128
372 355 0.19250555
372 357 0.24087039
372 374 0.23748343
372 387 0.11151388
373 303 0.12393559
373 312 0.13262348
373 332 0.04114412
373 343 0.08773587
373 348 0.11879595
373 385 0.12071219
374 138 0.05025072
374 311 0.07819848
374 316 0.09988189
374 320 0.14993980
374 336 0.16790036
374 341 0.17767765
374 344 0.36722674
374 357 0.14039576
374 368 0.14278596
374 371 0.11486293
374 372 0.23748343
374 378 0.21239344
375 305 0.06937746
375 318 0.17222648
375 322 0.11788905
375 324 0.11084266
375 325 0.16566031
375 338 0.09926934
375 339 0.10244609
375 342 0.12966844
375 345 0.12390192
375 351 0.10615461
375 354 0.14859809
375 360 0.18679865
375 361 0.12321604
375 365 0.11835347
375 366 0.12340543
375 377 0.06545157
375 380 0.07065547
376 313 0.07082698
376 329 0.17472104
376 337 0.06064775
376 341 0.07341852
376 392 0.25989968
377 305 0.06800309
377 335 0.18693991
377 339 0.07512029
377 340 0.14800208
377 375 0.06545157
378 316 0.23395776
378 344 0.25118845
378 349 0.08790846
378 368 0.27315075
378 370 0.10233199
378 374 0.21239344
379 327 0.10503104
379 331 0.10183236
379 351 0.10255412
379 358 0.06194504
379 361 0.09674415
379 389 0.19475078
380 302 0.06995309
380 320 0.09302043
380 322 0.07427269
380 333 0.06110805
380 342 0.07667198
380 375 0.07065547
381 149 0.07348425
381 298 0.06816935
381 307 0.12104894
381 314 0.10947752
381 356 0.08881291
381 367 0.67586239
381 382 0.20197472
381 386 0.13479053
382 308 0.13140338
382 313 0.07378812
382 328 0.24775823
382 329 0.09561451
382 381 0.20197472
382 387 0.12691490
382 398 0.15974210
383 330 0.04328231
383 369 0.05319153
383 385 0.06068363
383 388 0.05152958
383 396 0.03856847
384 113 0.05251278
384 304 0.19097411
384 310 0.51700246
384 332 0.04549455
384 342 0.26235293
384 343 0.17925476
384 353 0.13852005
385 149 0.09861846
385 298 0.06917413
385 311 0.07553910
385 352 0.11830955
385 366 0.09361964
385 367 0.09341650
385 373 0.12071219
385 383 0.06068363
385 465 0.08084994
386 119 0.07468186
386 308 0.23382653
386 326 0.08681379
386 340 0.11202002
386 342 0.15471820
386 344 0.20137530
386 348 0.07439891
386 367 0.19804464
386 381 0.13479053
386 398 0.14507874
386 400 0.10217410
387 293 0.05622333
387 323 0.11755620
387 335 0.11144936
387 353 0.10671582
387 359 0.07586264
387 372 0.11151388
387 382 0.12691490
388 307 0.08507661
388 324 0.07586409
388 347 0.11785333
388 354 0.09421809
388 369 0.76266233
388 370 0.14254535
388 383 0.05152958
388 593 0.04410896
389 199 0.04160855
389 309 0.07237194
389 358 0.10524437
389 379 0.19475078
389 392 0.08628166
389 445 0.07030383
390 302 0.10226988
390 320 0.09802641
390 352 0.09898778
390 353 0.15179930
390 369 0.08622569
390 371 0.26025655
390 399 0.07589514
391 82 0.09163450
391 150 0.05081247
391 183 0.06144507
391 200 0.07388926
391 307 0.74266962
391 356 0.51542841
391 394 0.08500179
391 433 0.10395576
391 449 0.09017274
391 537 0.06615003
392 93 0.05673073
392 329 0.43920397
392 330 0.05976012
392 337 0.12019845
392 345 0.18010932
392 358 0.05061507
392 376 0.25989968
392 389 0.08628166
393 305 0.07753045
393 312 0.09333999
393 315 0.34916971
393 320 0.09305975
393 343 0.08993373
393 348 0.09995315
394 124 0.07377266
394 306 0.07188999
394 307 0.09701959
394 356 0.10183058
394 391 0.08500179
394 399 0.06866890
395 4 0.06948789
395 74 0.05927473
395 81 0.06921749
395 243 0.05821989
395 561 0.04863154
396 288 0.05845303
396 306 0.07710264
396 308 0.14022672
396 318 0.11077432
396 319 0.57850122
396 335 0.05990919
396 344 0.16123735
396 360 0.12357609
396 362 0.09982701
396 383 0.03856847
397 311 0.28553745
397 314 0.09701029
397 336 0.11995124
397 341 0.09164356
397 357 0.12491048
398 308 0.12449864
398 328 0.18408723
398 342 0.11080576
398 347 0.09287812
398 382 0.15974210
398 386 0.14507874
399 124 0.07477477
399 320 0.08649990
399 390 0.07589514
399 394 0.06866890
399 581 0.06938276
400 49 0.04381460
400 302 0.09112413
400 309 0.08865637
400 351 0.09133489
400 360 0.10047438
400 386 0.10217410
401 89 0.12459423
401 95 0.12757119
401 405 0.21443029
401 408 0.13642392
401 423 0.12569891
401 436 0.10379281
401 477 0.07729282
401 501 0.10191481
401 529 0.08885906
402 95 0.07599658
402 460 0.07567407
402 464 0.09740811
402 492 0.07586007
402 499 0.07810853
403 407 0.09954737
403 411 0.10921369
403 414 0.05569215
403 425 0.12433847
403 492 0.10453812
403 495 0.07255818
403 543 0.12481580
404 95 0.05624180
404 190 0.05303330
404 198 0.06411421
404 340 0.06866910
404 463 0.05322457
405 401 0.21443029
405 408 0.28445196
405 411 0.09939785
405 415 0.12664021
405 423 0.14404546
406 18 0.05980169
406 95 0.05431736
406 209 0.05183032
406 466 0.42162200
406 483 0.09434331
407 403 0.09954737
407 411 0.11228701
407 416 0.10077611
407 441 0.13378365
407 524 0.09940748
408 58 0.12203477
408 401 0.13642392
408 405 0.28445196
408 411 0.08595322
408 428 0.07828413
408 431 0.08057502
409 53 0.12272172
409 243 0.07054477
409 424 0.08818161
409 457 0.17132375
409 465 0.18467560
409 476 0.14094376
409 549 0.11648200
410 48 0.11970480
410 87 0.15515379
410 95 0.15021137
410 431 0.11408954
410 435 0.05708889
410 449 0.15663658
410 450 0.14882701
410 478 0.16505499
410 484 0.12992079
410 525 0.07776627
410 550 0.04769460
411 32 0.13328821
411 146 0.04933410
411 242 0.07967942
411 253 0.06694484
411 291 0.07141891
411 292 0.06476289
411 403 0.10921369
411 405 0.09939785
411 407 0.11228701
411 408 0.08595322
411 423 0.17205072
411 428 0.09214768
411 438 0.13146417
411 441 0.08906861
411 446 0.07938914
411 448 0.13500510
411 453 0.09657678
411 468 0.06015054
411 477 0.10463742
411 483 0.09603234
411 484 0.13418407
411 485 0.09207110
411 487 0.11997213
411 490 0.07385270
411 492 0.26083887
411 496 0.08589650
411 519 0.06287658
411 523 0.18482658
411 543 0.19788946
411 556 0.11356310
411 558 0.15886646
411 586 0.07986825
411 591 0.17668930
411 596 0.04180951
411 599 0.10096300
412 87 0.13275513
412 109 0.05603602
412 146 0.04956774
412 209 0.08357141
412 249 0.06455238
412 282 0.07187727
412 440 0.07332987
412 443 0.07245708
413 94 0.08388032
413 425 0.10205622
413 454 0.06763314
413 458 0.11460810
413 471 0.12011061
413 476 0.09863562
414 7 0.07398870
414 356 0.05537778
414 403 0.05569215
414 443 0.05493168
414 469 0.08384595
415 89 0.13839061
415 95 0.15278136
415 346 0.07067786
415 405 0.12664021
415 443 0.14347624
415 478 0.08487256
415 487 0.09114179
415 519 0.06512286
415 558 0.11351574
416 407 0.10077611
416 424 0.10611266
416 429 0.10522149
416 467 0.10820045
416 486 0.11776454
416 543 0.13431802
416 558 0.13333019
416 566 0.04468720
417 92 0.08409477
417 95 0.07287860
417 426 0.17106344
417 443 0.08140588
417 452 0.13430953
418 3 0.13036970
418 95 0.19168877
418 97 0.11709863
418 128 0.08717548
418 443 0.14370597
418 448 0.12524489
418 449 0.14035650
419 3 0.09275241
419 42 0.09369579
419 95 0.10479624
419 434 0.09235669
419 463 0.10533846
419 499 0.21965848
420 45 0.12713680
420 55 0.11165788
420 518 0.07994736
420 548 0.09069780
420 565 0.08659063
420 566 0.05068972
420 592 0.11987388
420 593 0.04032696
421 431 0.19413191
421 443 0.11009239
421 492 0.12531876
421 496 0.10679187
421 500 0.10781439
422 51 0.06678628
422 461 0.06771521
422 463 0.05551498
422 467 0.05740778
422 503 0.05795701
423 57 0.09919868
423 94 0.12338350
423 95 0.14039135
423 401 0.12569891
423 405 0.14404546
423 411 0.17205072
423 424 0.10004225
423 430 0.07118527
423 436 0.09587938
423 441 0.10068077
423 447 0.13866963
423 451 0.12799357
423 462 0.10098802
423 482 0.11106614
423 485 0.10317484
423 490 0.07744173
423 516 0.13174321
423 517 0.11900091
423 524 0.14298312
423 533 0.10312078
423 539 0.09401517
423 543 0.15720602
423 555 0.05171722
423 562 0.07718909
423 600 0.04139307
424 409 0.08818161
424 416 0.10611266
424 423 0.10004225
424 453 0.09513480
424 558 0.09272844
425 4 0.07766001
425 35 0.10428301
425 95 0.12287556
425 403 0.12433847
425 413 0.10205622
425 451 0.11892616
425 468 0.05878536
425 488 0.08519034
425 495 0.59175517
425 508 0.14932437
425 524 0.12367934
426 95 0.08164233
426 417 0.17106344
426 443 0.09333916
426 452 0.12829377
426 543 0.08588990
427 443 0.08266360
427 449 0.25428699
427 472 0.12026410
427 493 0.08377438
427 588 0.07943570
428 408 0.07828413
428 411 0.09214768
428 442 0.08171805
428 452 0.09312579
428 484 0.07920222
429 40 0.12367869
429 288 0.05805504
429 416 0.10522149
429 441 0.13399323
429 442 0.08212629
429 473 0.14430947
429 498 0.07683059
429 507 0.10666371
430 423 0.07118527
430 447 0.07211697
430 524 0.05430604
430 543 0.08575636
430 591 0.05031925
431 408 0.08057502
431 410 0.11408954
431 421 0.19413191
431 452 0.20368765
431 474 0.16606899
431 476 0.10488458
431 492 0.19009186
432 95 0.15562368
432 449 0.10815017
432 458 0.12163023
432 471 0.12593202
432 482 0.09809427
432 505 0.09784443
432 543 0.11232980
432 545 0.06954355
433 39 0.07905644
433 183 0.05607431
433 257 0.04707275
433 307 0.07823426
433 391 0.10395576
433 445 0.07640448
433 523 0.10300896
433 597 0.08505256
434 8 0.07364094
434 25 0.06581510
434 41 0.07376374
434 44 0.07601794
434 419 0.09235669
434 499 0.09507682
434 539 0.07900570
435 8 0.05356048
435 128 0.06404386
435 167 0.07061159
435 410 0.05708889
435 596 0.05252747
436 58 0.05761490
436 95 0.10257948
436 401 0.10379281
436 423 0.09587938
436 440 0.11604752
436 471 0.10160627
436 477 0.08313787
437 159 0.04255064
437 443 0.09195485
437 466 0.09116177
437 468 0.08899824
437 472 0.11965551
437 500 0.14955191
437 524 0.09644997
437 543 0.10918609
438 411 0.13146417
438 451 0.12785993
438 461 0.17580908
438 469 0.05178076
438 492 0.18116830
438 493 0.31086248
439 78 0.10882389
439 89 0.12414217
439 95 0.11745545
439 456 0.49695294
439 486 0.17124801
439 505 0.09607482
439 545 0.06682479
440 95 0.11442049
440 412 0.07332987
440 436 0.11604752
440 443 0.11570889
440 448 0.11531993
440 475 0.08266283
440 483 0.09842969
440 499 0.09688669
440 517 0.11523090
441 407 0.13378365
441 411 0.08906861
441 423 0.10068077
441 429 0.13399323
441 484 0.08827655
441 562 0.08564620
442 315 0.09211829
442 428 0.08171805
442 429 0.08212629
442 472 0.06768405
442 507 0.06353118
442 593 0.05560984
443 78 0.11078117
443 89 0.14904457
443 95 0.17219796
443 236 0.04939617
443 248 0.07140646
443 412 0.07245708
443 414 0.05493168
443 415 0.14347624
443 417 0.08140588
443 418 0.14370597
443 421 0.11009239
443 426 0.09333916
443 427 0.08266360
443 437 0.09195485
443 440 0.11570889
443 444 0.09276056
443 448 0.14000337
443 457 0.07456083
443 466 0.07086252
443 471 0.13751265
443 475 0.09451557
443 483 0.09907410
443 484 0.11066257
443 491 0.10914686
443 493 0.09467720
443 500 0.14141550
443 501 0.10724150
443 523 0.15254549
443 543 0.14896732
443 587 0.09278522
443 599 0.10686351
444 89 0.07604030
444 443 0.09276056
444 460 0.08989814
444 471 0.08317411
444 479 0.06521786
444 514 0.09589044
445 93 0.07405308
445 389 0.07030383
445 433 0.07640448
445 470 0.11769875
445 535 0.02806032
445 597 0.07113050
446 95 0.07755840
446 253 0.06924015
446 411 0.07938914
446 449 0.16158429
446 456 0.09368278
446 528 0.06443955
446 542 0.07740807
447 100 0.08034872
447 423 0.13866963
447 430 0.07211697
447 463 0.14060066
447 481 0.11923312
447 498 0.07527508
447 524 0.14959515
447 543 0.17715503
448 36 0.07120579
448 39 0.23573692
448 87 0.13373166
448 94 0.10233076
448 95 0.15034770
448 99 0.10054301
448 411 0.13500510
448 418 0.12524489
448 440 0.11531993
448 443 0.14000337
448 484 0.11445900
448 540 0.05092750
448 561 0.06538486
448 599 0.10333009
449 3 0.15014114
449 9 0.12171603
449 14 0.11121836
449 20 0.07920172
449 28 0.07109891
449 30 0.13623172
449 33 0.07722019
449 38 0.09252995
449 39 0.11894993
449 48 0.12030407
449 70 0.12324291
449 73 0.12054849
449 81 0.08732794
449 89 0.14035415
449 95 0.25588585
449 96 0.07352785
449 99 0.09705440
449 202 0.04024504
449 391 0.09017274
449 410 0.15663658
449 418 0.14035650
449 427 0.25428699
449 432 0.10815017
449 446 0.16158429
449 450 0.06742052
449 456 0.14290216
449 471 0.12877043
449 474 0.11156822
449 497 0.06287928
449 500 0.12293867
449 510 0.07741152
449 525 0.10730312
449 534 0.17701843
449 536 0.09153809
449 556 0.10564529
449 582 0.08193269
450 87 0.09741715
450 128 0.06463483
450 333 0.06046369
450 410 0.14882701
450 449 0.06742052
450 478 0.10676660
450 561 0.05753976
451 423 0.12799357
451 425 0.11892616
451 438 0.12785993
451 455 0.08031972
451 468 0.05913649
451 480 0.08644727
451 492 0.13751633
451 495 0.10005567
451 543 0.14809719
452 417 0.13430953
452 426 0.12829377
452 428 0.09312579
452 431 0.20368765
452 500 0.08720414
453 97 0.08694936
453 411 0.09657678
453 424 0.09513480
453 458 0.09321754
453 486 0.10436743
453 544 0.06384622
454 95 0.07039494
454 413 0.06763314
454 455 0.08528426
454 505 0.07094067
454 536 0.07911397
455 151 0.13063258
455 274 0.06972182
455 294 0.06095767
455 451 0.08031972
455 454 0.08528426
455 465 0.07091006
455 472 0.06922641
455 541 0.03195035
456 76 0.09976282
456 439 0.49695294
456 446 0.09368278
456 449 0.14290216
456 458 0.11013286
456 486 0.24262197
456 542 0.07489222
457 53 0.11034005
457 409 0.17132375
457 443 0.07456083
457 465 0.38244135
457 492 0.08927806
458 413 0.11460810
458 432 0.12163023
458 453 0.09321754
458 456 0.11013286
458 471 0.21646528
458 486 0.13449518
458 494 0.08280577
458 517 0.11390645
458 529 0.08984187
458 545 0.08931060
458 579 0.07377061
459 13 0.10785302
459 23 0.12242027
459 42 0.13317837
459 95 0.15874256
459 189 0.04869648
459 460 0.10383635
459 538 0.06792116
459 557 0.04320422
459 558 0.11830244
460 39 0.10323349
460 95 0.11462930
460 200 0.07465732
460 402 0.07567407
460 444 0.08989814
460 459 0.10383635
460 471 0.10221957
460 480 0.15747696
460 497 0.09109819
461 422 0.06771521
461 438 0.17580908
461 463 0.10294325
461 492 0.10170696
461 493 0.21540941
461 516 0.09550815
461 541 0.03449411
462 32 0.09498016
462 160 0.05679706
462 188 0.06661310
462 423 0.10098802
462 490 0.48300308
462 500 0.09854873
462 524 0.09208649
463 51 0.08612721
463 70 0.10644106
463 95 0.13634856
463 244 0.07049944
463 404 0.05322457
463 419 0.10533846
463 422 0.05551498
463 447 0.14060066
463 461 0.10294325
463 482 0.09909260
463 485 0.10275088
463 491 0.11903712
463 492 0.14796252
463 512 0.06906007
463 523 0.14276735
463 543 0.13480412
463 586 0.10324975
464 14 0.11598505
464 95 0.13166688
464 402 0.09740811
464 486 0.12875644
464 523 0.16608075
464 572 0.11798222
465 53 0.09065029
465 385 0.08084994
465 409 0.18467560
465 455 0.07091006
465 457 0.38244135
465 583 0.11279244
466 333 0.05025383
466 406 0.42162200
466 437 0.09116177
466 443 0.07086252
466 483 0.11036282
466 500 0.09529784
467 51 0.12246551
467 416 0.10820045
467 422 0.05740778
467 481 0.14637868
467 489 0.05729766
467 491 0.26763544
467 533 0.09952265
467 543 0.12306063
467 558 0.11822995
468 411 0.06015054
468 425 0.05878536
468 437 0.08899824
468 451 0.05913649
468 483 0.06619078
469 414 0.08384595
469 438 0.05178076
469 489 0.06118926
469 558 0.05880942
469 565 0.07022385
470 31 0.07821439
470 93 0.07295696
470 445 0.11769875
470 491 0.07562686
470 599 0.10188599
471 25 0.06483457
471 35 0.12846755
471 95 0.14644076
471 413 0.12011061
471 432 0.12593202
471 436 0.10160627
471 443 0.13751265
471 444 0.08317411
471 449 0.12877043
471 458 0.21646528
471 460 0.10221957
471 481 0.10520306
471 486 0.13996034
471 494 0.08589020
471 499 0.10352512
471 505 0.10031532
471 545 0.07660028
471 579 0.06228781
471 582 0.08862664
471 586 0.08065756
472 427 0.12026410
472 437 0.11965551
472 442 0.06768405
472 455 0.06922641
472 475 0.08385186
472 562 0.07336325
473 40 0.14357120
473 76 0.15309003
473 429 0.14430947
473 491 0.11233573
473 492 0.14676286
473 496 0.09175395
473 508 0.12811950
473 512 0.05336637
474 39 0.10992401
474 56 0.13034429
474 99 0.13329583
474 431 0.16606899
474 449 0.11156822
474 544 0.06399749
475 88 0.08102022
475 440 0.08266283
475 443 0.09451557
475 472 0.08385186
475 493 0.07665615
476 409 0.14094376
476 413 0.09863562
476 431 0.10488458
476 492 0.09535134
476 549 0.16969300
477 57 0.09282745
477 150 0.05004996
477 401 0.07729282
477 411 0.10463742
477 436 0.08313787
477 517 0.09742257
478 87 0.13264976
478 410 0.16505499
478 415 0.08487256
478 450 0.10676660
478 484 0.22976561
479 40 0.06070576
479 255 0.04531805
479 444 0.06521786
479 529 0.05436339
479 554 0.04579050
480 39 0.08366752
480 451 0.08644727
480 460 0.15747696
480 543 0.08782419
480 549 0.08784173
481 76 0.10533760
481 95 0.11111858
481 447 0.11923312
481 467 0.14637868
481 471 0.10520306
482 423 0.11106614
482 432 0.09809427
482 463 0.09909260
482 485 0.13579634
482 543 0.09761781
483 98 0.14164163
483 248 0.06503866
483 406 0.09434331
483 411 0.09603234
483 440 0.09842969
483 443 0.09907410
483 466 0.11036282
483 468 0.06619078
484 410 0.12992079
484 411 0.13418407
484 428 0.07920222
484 441 0.08827655
484 443 0.11066257
484 448 0.11445900
484 478 0.22976561
484 594 0.08061162
485 411 0.09207110
485 423 0.10317484
485 463 0.10275088
485 482 0.13579634
485 543 0.08539725
486 76 0.12477021
486 416 0.11776454
486 439 0.17124801
486 453 0.10436743
486 456 0.24262197
486 458 0.13449518
486 464 0.12875644
486 471 0.13996034
486 487 0.12072394
486 494 0.14518915
487 411 0.11997213
487 415 0.09114179
487 486 0.12072394
487 492 0.09584629
487 494 0.07317253
487 543 0.09381356
488 13 0.10040442
488 30 0.10113497
488 62 0.08063499
488 425 0.08519034
488 558 0.08985554
489 312 0.05234342
489 467 0.05729766
489 469 0.06118926
489 494 0.09159832
489 517 0.04245663
490 32 0.08969228
490 160 0.07117472
490 411 0.07385270
490 423 0.07744173
490 462 0.48300308
490 558 0.09282317
491 443 0.10914686
491 463 0.11903712
491 467 0.26763544
491 470 0.07562686
491 473 0.11233573
491 498 0.07705993
491 499 0.08591720
491 512 0.06373255
491 523 0.11118196
491 530 0.08619447
492 95 0.14908669
492 402 0.07586007
492 403 0.10453812
492 411 0.26083887
492 421 0.12531876
492 431 0.19009186
492 438 0.18116830
492 451 0.13751633
492 457 0.08927806
492 461 0.10170696
492 463 0.14796252
492 473 0.14676286
492 476 0.09535134
492 487 0.09584629
492 496 0.09832393
492 516 0.12875586
492 556 0.11094345
493 89 0.09406945
493 427 0.08377438
493 438 0.31086248
493 443 0.09467720
493 461 0.21540941
493 475 0.07665615
493 567 0.10732074
494 458 0.08280577
494 471 0.08589020
494 486 0.14518915
494 487 0.07317253
494 489 0.09159832
495 95 0.06924899
495 403 0.07255818
495 425 0.59175517
495 451 0.10005567
495 508 0.07039863
496 70 0.08470071
496 266 0.05247838
496 411 0.08589650
496 421 0.10679187
496 473 0.09175395
496 492 0.09832393
497 3 0.06514998
497 95 0.07662824
497 449 0.06287928
497 460 0.09109819
497 556 0.06457279
498 429 0.07683059
498 447 0.07527508
498 491 0.07705993
498 523 0.09774328
498 543 0.07702739
499 402 0.07810853
499 419 0.21965848
499 434 0.09507682
499 440 0.09688669
499 471 0.10352512
499 491 0.08591720
500 9 0.15265915
500 36 0.06316650
500 273 0.07316104
500 421 0.10781439
500 437 0.14955191
500 443 0.14141550
500 449 0.12293867
500 452 0.08720414
500 462 0.09854873
500 466 0.09529784
500 521 0.05348872
500 556 0.13853280
500 564 0.06838554
501 73 0.10373546
501 89 0.10289292
501 401 0.10191481
501 443 0.10724150
501 567 0.10705718
501 577 0.07572617
502 182 0.05856923
502 205 0.07041062
502 504 0.25190122
502 509 0.60787251
502 515 0.33180318
502 520 0.11959834
502 552 0.20696418
502 583 0.19965007
502 584 0.36051791
502 588 0.16295571
502 592 0.17789459
503 13 0.11045101
503 23 0.11077081
503 29 0.11714150
503 42 0.12832566
503 95 0.12881174
503 127 0.04869261
503 422 0.05795701
503 559 0.06614020
504 502 0.25190122
504 515 0.70254546
504 520 0.28308318
504 583 0.26025499
504 584 0.24755454
504 592 0.20032726
505 87 0.11139805
505 95 0.12149810
505 432 0.09784443
505 439 0.09607482
505 454 0.07094067
505 471 0.10031532
505 545 0.06661504
505 581 0.07039862
505 582 0.04589825
506 9 0.07861088
506 511 0.09784212
506 518 0.07301371
506 558 0.06906691
506 574 0.15360052
507 54 0.07140489
507 114 0.07055491
507 429 0.10666371
507 442 0.06353118
507 543 0.12852982
507 562 0.17624182
507 574 0.07715714
507 584 0.07651599
508 8 0.06042612
508 25 0.06096593
508 95 0.15766633
508 425 0.14932437
508 473 0.12811950
508 495 0.07039863
508 517 0.12591512
508 524 0.19734646
508 530 0.09099675
508 543 0.48901009
508 558 0.16334651
508 567 0.15086558
508 569 0.16686179
508 574 0.13131603
509 34 0.16910326
509 62 0.14700815
509 98 0.17759594
509 502 0.60787251
509 511 0.16013914
509 515 0.26853509
509 527 0.28312342
509 552 0.28756823
509 553 0.27211225
509 584 0.34104432
509 588 0.14983110
510 14 0.08939505
510 42 0.07127422
510 95 0.08805348
510 449 0.07741152
510 577 0.10989607
511 36 0.05906265
511 49 0.04337617
511 98 0.14842760
511 136 0.05363357
511 242 0.08634401
511 506 0.09784212
511 509 0.16013914
511 518 0.13653871
511 526 0.03784920
511 527 0.17009198
511 537 0.08487868
511 538 0.13175858
511 552 0.16368938
511 553 0.15176018
511 565 0.09886384
511 573 0.13081747
511 594 0.08717876
512 463 0.06906007
512 473 0.05336637
512 491 0.06373255
512 523 0.07426892
512 558 0.06644739
513 42 0.07044166
513 94 0.07246886
513 95 0.06159940
513 99 0.05724465
513 516 0.06469819
514 22 0.10477889
514 37 0.07835023
514 72 0.08106710
514 444 0.09589044
514 531 0.13142107
515 502 0.33180318
515 504 0.70254546
515 509 0.26853509
515 520 0.23190217
515 574 0.19974090
515 583 0.18233946
515 584 0.30228433
516 95 0.14334518
516 231 0.10480498
516 423 0.13174321
516 461 0.09550815
516 492 0.12875586
516 513 0.06469819
516 523 0.12646521
516 561 0.07506374
516 586 0.18724935
517 248 0.07192676
517 423 0.11900091
517 440 0.11523090
517 458 0.11390645
517 477 0.09742257
517 489 0.04245663
517 508 0.12591512
517 531 0.10931552
517 532 0.09413447
517 551 0.15323619
517 591 0.12784165
518 420 0.07994736
518 506 0.07301371
518 511 0.13653871
518 537 0.11185013
518 538 0.07574759
518 570 0.07668804
518 573 0.09605578
518 594 0.08768402
519 99 0.06249984
519 411 0.06287658
519 415 0.06512286
519 575 0.37221348
519 587 0.42744550
520 6 0.04343576
520 89 0.10104176
520 195 0.06964392
520 346 0.08973146
520 502 0.11959834
520 504 0.28308318
520 515 0.23190217
520 583 0.09604630
521 14 0.04551703
521 128 0.04775023
521 282 0.05876988
521 500 0.05348872
521 525 0.05399186
522 78 0.08563618
522 80 0.12908207
522 95 0.09096774
522 100 0.08428229
522 138 0.04978590
522 523 0.08164658
523 95 0.16118394
523 249 0.07111946
523 411 0.18482658
523 433 0.10300896
523 443 0.15254549
523 463 0.14276735
523 464 0.16608075
523 491 0.11118196
523 498 0.09774328
523 512 0.07426892
523 516 0.12646521
523 522 0.08164658
523 528 0.05995349
523 543 0.15109263
523 572 0.13010049
523 580 0.06912213
523 591 0.14716876
523 599 0.09529414
524 407 0.09940748
524 423 0.14298312
524 425 0.12367934
524 430 0.05430604
524 437 0.09644997
524 447 0.14959515
524 462 0.09208649
524 508 0.19734646
524 543 0.21859625
524 567 0.13296571
524 569 0.14604291
524 574 0.14689124
525 11 0.07751734
525 48 0.09494996
525 95 0.09662243
525 237 0.07336084
525 410 0.07776627
525 449 0.10730312
525 521 0.05399186
525 534 0.09159665
526 69 0.03991360
526 280 0.04140916
526 511 0.03784920
526 565 0.03722595
526 586 0.03890200
527 34 0.20721685
527 44 0.09635624
527 56 0.21857274
527 62 0.25572086
527 98 0.14270331
527 299 0.09953366
527 509 0.28312342
527 511 0.17009198
527 552 0.70949749
527 553 0.69805704
527 590 0.22428535
528 446 0.06443955
528 523 0.05995349
528 559 0.15317029
528 564 0.08211003
528 573 0.06029314
529 95 0.09873768
529 401 0.08885906
529 458 0.08984187
529 479 0.05436339
529 539 0.36003015
529 546 0.06213880
529 555 0.07187712
529 578 0.08416715
530 491 0.08619447
530 508 0.09099675
530 541 0.03516416
530 559 0.10240840
530 564 0.15434271
530 569 0.15271554
531 514 0.13142107
531 517 0.10931552
531 551 0.14857157
531 558 0.10368885
531 591 0.36431568
531 600 0.03577097
532 517 0.09413447
532 540 0.48810015
532 551 0.12621415
532 552 0.18881925
532 553 0.20717075
533 85 0.10752389
533 95 0.11360147
533 423 0.10312078
533 467 0.09952265
533 600 0.52695642
534 28 0.12882071
534 30 0.10979282
534 35 0.11507142
534 38 0.10882745
534 68 0.13537323
534 75 0.12953695
534 95 0.19739204
534 449 0.17701843
534 525 0.09159665
535 50 0.02840214
535 60 0.06738345
535 137 0.05855819
535 161 0.04534523
535 445 0.02806032
536 9 0.08598853
536 89 0.09507307
536 95 0.09911906
536 449 0.09153809
536 454 0.07911397
536 542 0.33150710
536 595 0.07459927
537 391 0.06615003
537 511 0.08487868
537 518 0.11185013
537 570 0.16102336
537 594 0.07107039
538 43 0.14076135
538 459 0.06792116
538 511 0.13175858
538 518 0.07574759
538 573 0.14964832
539 68 0.14412131
539 94 0.09967213
539 95 0.09483952
539 423 0.09401517
539 434 0.07900570
539 529 0.36003015
540 31 0.05918436
540 163 0.06604009
540 448 0.05092750
540 532 0.48810015
540 589 0.05606435
541 14 0.07354643
541 195 0.04536904
541 455 0.03195035
541 461 0.03449411
541 530 0.03516416
542 95 0.07309715
542 446 0.07740807
542 456 0.07489222
542 536 0.33150710
542 568 0.22413577
542 595 0.06473370
543 76 0.12757602
543 403 0.12481580
543 411 0.19788946
543 416 0.13431802
543 423 0.15720602
543 426 0.08588990
543 430 0.08575636
543 432 0.11232980
543 437 0.10918609
543 443 0.14896732
543 447 0.17715503
543 451 0.14809719
543 463 0.13480412
543 467 0.12306063
543 480 0.08782419
543 482 0.09761781
543 485 0.08539725
543 487 0.09381356
543 498 0.07702739
543 507 0.12852982
543 508 0.48901009
543 523 0.15109263
543 524 0.21859625
543 558 0.15217179
543 562 0.10755851
543 567 0.12499200
543 569 0.13583500
543 572 0.09522258
543 574 0.13845536
543 587 0.09318046
544 258 0.06812768
544 291 0.05678993
544 453 0.06384622
544 474 0.06399749
544 556 0.06390875
545 432 0.06954355
545 439 0.06682479
545 458 0.08931060
545 471 0.07660028
545 505 0.06661504
546 48 0.06073447
546 95 0.06808350
546 97 0.07092643
546 171 0.05798912
546 529 0.06213880
546 555 0.04845553
546 578 0.25780642
547 42 0.17688312
547 60 0.10622593
547 65 0.05552913
547 69 0.16263012
547 128 0.10902748
547 194 0.06185156
547 554 0.49047872
547 568 0.22576480
547 571 0.28898597
547 576 0.06380800
547 577 0.10078556
548 42 0.07898736
548 72 0.09071259
548 95 0.09712674
548 420 0.09069780
548 598 0.07780957
549 52 0.08734666
549 409 0.11648200
549 476 0.16969300
549 480 0.08784173
549 583 0.08687994
550 5 0.04856729
550 62 0.05510515
550 78 0.03857296
550 262 0.03861862
550 410 0.04769460
551 517 0.15323619
551 531 0.14857157
551 532 0.12621415
551 588 0.15427847
551 591 0.14148841
552 34 0.23110783
552 62 0.21051940
552 98 0.18340969
552 502 0.20696418
552 509 0.28756823
552 511 0.16368938
552 527 0.70949749
552 532 0.18881925
552 553 0.95850551
552 584 0.23740639
552 588 0.19659411
552 590 0.18569840
553 34 0.22218290
553 62 0.18936999
553 98 0.17896982
553 509 0.27211225
553 511 0.15176018
553 527 0.69805704
553 532 0.20717075
553 552 0.95850551
553 584 0.23193526
553 588 0.18469390
553 590 0.16742818
554 40 0.18502944
554 42 0.13477060
554 479 0.04579050
554 547 0.49047872
554 560 0.12759527
554 571 0.13734716
554 576 0.06228850
555 97 0.04469207
555 423 0.05171722
555 529 0.07187712
555 546 0.04845553
555 578 0.08657348
556 92 0.09273433
556 95 0.11944050
556 411 0.11356310
556 449 0.10564529
556 492 0.11094345
556 497 0.06457279
556 500 0.13853280
556 544 0.06390875
556 582 0.04905849
557 23 0.04638884
557 52 0.04095141
557 271 0.04020430
557 459 0.04320422
557 585 0.06809075
558 78 0.10895796
558 94 0.11313361
558 411 0.15886646
558 415 0.11351574
558 416 0.13333019
558 424 0.09272844
558 459 0.11830244
558 467 0.11822995
558 469 0.05880942
558 488 0.08985554
558 490 0.09282317
558 506 0.06906691
558 508 0.16334651
558 512 0.06644739
558 531 0.10368885
558 543 0.15217179
558 583 0.16696630
558 584 0.16643444
558 592 0.14944806
559 50 0.06967647
559 269 0.05260909
559 503 0.06614020
559 528 0.15317029
559 530 0.10240840
559 564 0.11408424
560 13 0.13866333
560 42 0.12596845
560 59 0.07408230
560 199 0.03459339
560 554 0.12759527
560 563 0.13705325
560 597 0.17552578
561 39 0.05625918
561 87 0.06068106
561 395 0.04863154
561 448 0.06538486
561 450 0.05753976
561 516 0.07506374
562 423 0.07718909
562 441 0.08564620
562 472 0.07336325
562 507 0.17624182
562 543 0.10755851
563 2 0.13528887
563 7 0.18375781
563 24 0.18585677
563 59 0.19191028
563 560 0.13705325
564 500 0.06838554
564 528 0.08211003
564 530 0.15434271
564 559 0.11408424
564 584 0.07546459
565 55 0.07262436
565 346 0.07005996
565 420 0.08659063
565 469 0.07022385
565 511 0.09886384
565 526 0.03722595
565 573 0.06558916
565 600 0.03326419
566 3 0.05426130
566 142 0.04584817
566 416 0.04468720
566 420 0.05068972
566 585 0.04317049
567 493 0.10732074
567 501 0.10705718
567 508 0.15086558
567 524 0.13296571
567 543 0.12499200
567 569 0.12176287
568 21 0.16583128
568 27 0.18082015
568 60 0.16210412
568 69 0.13147277
568 84 0.13014652
568 119 0.13604936
568 123 0.10242809
568 542 0.22413577
568 547 0.22576480
568 571 0.22775897
568 597 0.16070317
569 508 0.16686179
569 524 0.14604291
569 530 0.15271554
569 543 0.13583500
569 567 0.12176287
570 42 0.04569562
570 276 0.06096775
570 518 0.07668804
570 537 0.16102336
570 594 0.05449741
571 16 0.14471462
571 27 0.15617797
571 69 0.13847911
571 547 0.28898597
571 554 0.13734716
571 568 0.22775897
571 576 0.07912354
571 585 0.09255494
571 597 0.20651335
572 76 0.10122558
572 95 0.09471147
572 464 0.11798222
572 523 0.13010049
572 543 0.09522258
573 55 0.06800951
573 511 0.13081747
573 518 0.09605578
573 528 0.06029314
573 538 0.14964832
573 565 0.06558916
574 123 0.08027359
574 506 0.15360052
574 507 0.07715714
574 508 0.13131603
574 515 0.19974090
574 524 0.14689124
574 543 0.13845536
574 575 0.09704180
574 587 0.08768557
574 589 0.09012656
575 123 0.06163016
575 519 0.37221348
575 574 0.09704180
575 587 0.38617506
575 589 0.12767255
576 19 0.34599338
576 547 0.06380800
576 554 0.06228850
576 571 0.07912354
576 597 0.05470538
577 42 0.08633920
577 501 0.07572617
577 510 0.10989607
577 547 0.10078556
577 598 0.19564293
578 48 0.08877943
578 95 0.07042100
578 171 0.05702690
578 529 0.08416715
578 546 0.25780642
578 555 0.08657348
579 249 0.06004635
579 282 0.10698809
579 458 0.07377061
579 471 0.06228781
579 583 0.05985058
580 39 0.06040331
580 196 0.23041589
580 523 0.06912213
580 590 0.21792454
580 594 0.06150144
581 11 0.06261161
581 87 0.06973576
581 95 0.07754724
581 399 0.06938276
581 505 0.07039862
582 95 0.05167430
582 449 0.08193269
582 471 0.08862664
582 505 0.04589825
582 556 0.04905849
583 465 0.11279244
583 502 0.19965007
583 504 0.26025499
583 515 0.18233946
583 520 0.09604630
583 549 0.08687994
583 558 0.16696630
583 579 0.05985058
583 584 0.24885993
583 592 0.24034448
584 34 0.15933186
584 502 0.36051791
584 504 0.24755454
584 507 0.07651599
584 509 0.34104432
584 515 0.30228433
584 552 0.23740639
584 553 0.23193526
584 558 0.16643444
584 564 0.07546459
584 583 0.24885993
584 592 0.25891205
585 39 0.09104438
585 99 0.08368199
585 265 0.05739413
585 279 0.06073968
585 297 0.10132054
585 346 0.08583624
585 557 0.06809075
585 566 0.04317049
585 571 0.09255494
586 95 0.09446066
586 411 0.07986825
586 463 0.10324975
586 471 0.08065756
586 516 0.18724935
586 526 0.03890200
587 443 0.09278522
587 519 0.42744550
587 543 0.09318046
587 574 0.08768557
587 575 0.38617506
587 589 0.06234426
588 427 0.07943570
588 502 0.16295571
588 509 0.14983110
588 551 0.15427847
588 552 0.19659411
588 553 0.18469390
588 595 0.06386233
589 123 0.05438358
589 540 0.05606435
589 574 0.09012656
589 575 0.12767255
589 587 0.06234426
590 196 0.24445032
590 527 0.22428535
590 552 0.18569840
590 553 0.16742818
590 580 0.21792454
591 32 0.11510221
591 95 0.12908026
591 186 0.06031940
591 411 0.17668930
591 430 0.05031925
591 517 0.12784165
591 523 0.14716876
591 531 0.36431568
591 551 0.14148841
591 596 0.03585327
592 116 0.07695519
592 420 0.11987388
592 502 0.17789459
592 504 0.20032726
592 558 0.14944806
592 583 0.24034448
592 584 0.25891205
593 217 0.05048971
593 369 0.04286688
593 388 0.04410896
593 420 0.04032696
593 442 0.05560984
594 95 0.07416312
594 236 0.05118431
594 285 0.08564595
594 484 0.08061162
594 511 0.08717876
594 518 0.08768402
594 537 0.07107039
594 570 0.05449741
594 580 0.06150144
595 48 0.06218516
595 89 0.06386763
595 113 0.05016237
595 273 0.04866113
595 536 0.07459927
595 542 0.06473370
595 588 0.06386233
596 86 0.04061404
596 200 0.05164313
596 411 0.04180951
596 435 0.05252747
596 591 0.03585327
597 13 0.15852461
597 55 0.07750103
597 69 0.18829412
597 433 0.08505256
597 445 0.07113050
597 560 0.17552578
597 568 0.16070317
597 571 0.20651335
597 576 0.05470538
597 598 0.13947958
598 45 0.12933425
598 55 0.13369030
598 95 0.11591002
598 548 0.07780957
598 577 0.19564293
598 597 0.13947958
599 298 0.05933167
599 411 0.10096300
599 443 0.10686351
599 448 0.10333009
599 470 0.10188599
599 523 0.09529414
600 95 0.03752657
600 423 0.04139307
600 531 0.03577097
600 533 0.52695642
600 565 0.03326419
