1 48 0.06699488
1 52 0.09049438
1 53 0.13833923
1 76 0.14135024
1 88 0.09413514
2 12 0.07777062
2 54 0.12777433
2 82 0.12643402
2 103 0.13882598
2 580 0.10656369
2 718 0.13523068
3 12 0.11536324
3 23 0.16648865
3 33 0.10688704
3 67 0.13803896
3 88 0.15110707
3 101 0.09799490
3 526 0.14208411
3 564 0.15325330
3 569 0.09113270
3 580 0.12684125
3 587 0.06778749
3 601 0.13572639
3 723 0.14194855
3 740 0.10702410
4 5 0.07777522
4 72 0.08110652
4 97 0.16848472
4 99 1.00000000
4 166 0.04473742
4 309 0.07748937
4 357 0.05826023
4 611 0.06556172
5 6 0.14393505
5 13 0.19300507
5 90 0.17243089
5 93 0.32697558
5 113 0.13817199
5 124 0.18972500
5 656 0.11037487
6 18 0.12287217
6 28 0.14163931
6 49 0.06423941
6 62 0.13753650
6 124 0.11565115
7 23 0.08616449
7 82 0.13443936
7 94 0.12302646
7 103 0.19878107
7 718 0.15500982
8 53 0.06772603
8 108 0.24521249
8 192 0.06702000
8 675 0.06104979
8 719 0.11257709
9 5 0.11332419
9 30 0.07607826
9 40 0.10662055
9 54 0.14129788
9 68 0.13404666
9 118 0.08737591
9 122 0.25084335
9 325 0.07939132
9 568 0.10532036
9 569 0.11212502
9 578 0.12707132
9 612 0.06889393
9 648 0.08225705
9 662 0.09675994
9 676 0.14478613
9 682 0.04338452
10 6 1.00000000
10 13 0.16854090
10 36 0.21559006
10 46 0.16801138
10 86 0.15969536
10 110 0.11497034
11 348 0.06212228
11 569 0.06647896
11 578 0.07335228
11 722 0.07126804
11 739 0.07855329
12 30 0.22749441
12 38 0.17697235
12 52 0.10029787
12 53 0.18067907
12 59 0.21048799
12 70 0.26524344
12 96 0.20789057
12 105 0.25292096
12 106 0.15881208
12 115 0.17069422
12 123 0.26527677
12 245 0.03443576
13 19 0.07332045
13 23 0.16513901
13 33 0.21424278
13 41 0.20208935
13 45 0.15859592
13 89 0.24040632
13 94 0.17607586
13 98 0.13149581
13 515 0.05080483
13 646 0.16324774
13 710 0.14404833
14 7 0.10227369
14 15 0.28047395
14 73 0.08403140
14 76 0.10105773
14 91 0.14361268
14 661 0.10073765
15 1 0.22281521
15 16 0.14003125
15 53 0.20420523
15 59 0.21074123
15 105 0.29723145
15 123 0.31123838
16 13 0.67867904
16 32 0.26566015
16 79 0.07367403
16 124 0.21096008
16 653 0.11697596
16 656 0.11838932
16 664 0.04805174
16 689 0.24625940
16 692 0.18808344
17 6 0.16353511
17 13 0.17172458
17 43 0.83853036
17 86 0.29113573
17 124 0.18099678
17 653 0.10899237
18 13 0.16217688
18 35 0.23656257
18 55 0.25219778
18 103 0.29342209
18 105 0.29949764
19 36 0.09762088
19 43 0.08070149
19 82 0.24968016
19 86 0.08071552
19 187 0.04571992
19 341 0.07609778
19 427 0.07270262
20 52 0.08088198
20 68 0.07090021
20 76 0.09087226
20 88 1.00000000
20 526 0.06875666
21 36 0.22047730
21 40 0.16404140
21 43 0.19387877
21 47 0.23501236
21 57 0.12213177
21 63 0.75389624
21 85 0.14213515
21 86 0.20623460
21 104 0.40716073
21 109 0.13257575
21 110 0.09651459
22 8 0.16954138
22 13 0.18614038
22 20 0.18368852
22 21 0.07976714
22 97 0.15506792
22 106 0.14060655
22 111 0.12289569
22 120 0.10515414
22 121 0.08893662
22 124 0.33555628
22 656 0.14434237
22 714 0.10477889
23 2 0.17637667
23 33 0.10476579
23 41 0.16399625
23 89 0.13285598
23 94 0.14775788
23 632 0.09300650
23 646 0.13093354
23 703 0.04638884
23 709 0.08095019
24 4 0.24607735
24 20 0.20272972
24 25 0.12831380
24 34 0.23875122
24 35 0.22468970
24 36 0.19434453
24 45 0.11873912
24 46 0.20220096
24 55 0.36332421
24 95 0.20598759
24 103 0.70936043
24 105 0.36386972
24 711 0.05553615
24 718 0.13794300
25 108 0.19742801
25 192 0.05708332
25 250 0.05861294
25 651 0.06076697
25 719 0.11001294
26 8 0.14583290
26 13 0.15252287
26 20 0.18765407
26 74 0.14754291
26 111 0.13605708
26 121 0.11776270
26 124 0.22090572
26 656 0.13004506
27 6 0.16854090
27 13 1.00000000
27 32 0.23034006
27 124 0.21243631
27 269 0.05124759
27 656 0.12622851
27 689 0.24769619
27 692 0.19209089
27 723 0.15362092
28 54 0.06846496
28 68 0.07338229
28 77 0.07225056
28 117 0.07354496
28 122 0.08098537
29 41 0.79447970
29 86 0.16041792
29 89 0.22342937
29 104 0.22074385
29 661 0.13650402
29 689 0.18822051
29 709 0.11905927
30 54 0.14292038
30 67 0.10960307
30 76 0.44847643
30 79 0.09207684
30 277 0.05583433
30 280 0.07073642
30 526 0.13061455
30 617 0.12421631
30 746 0.08470984
31 2 0.20488308
31 36 0.13350984
31 40 0.11018264
31 41 0.17179583
31 89 0.21421055
31 511 0.09340901
31 632 0.14362337
31 696 0.09477245
32 4 0.32256060
32 22 0.24317344
32 29 0.28378511
32 77 0.31720924
32 125 0.17783594
32 579 0.05497456
32 603 0.08969228
32 622 0.05534112
32 639 0.05720442
33 28 0.10012139
33 49 0.09164619
33 62 0.10323388
33 84 0.14455888
33 526 0.08128997
34 7 0.12052721
34 34 0.23267234
34 48 0.11062689
34 83 0.06447449
34 87 0.10146069
34 93 0.08019394
34 99 0.07541329
34 643 0.16208780
34 645 0.20215193
34 716 0.18923536
34 745 0.16506103
35 60 0.13615602
35 80 0.08965850
35 83 0.10592702
35 84 0.14419309
35 93 0.13087779
35 119 0.12500072
35 675 0.09776561
35 710 0.11434372
36 18 0.09196961
36 46 0.07610276
36 49 0.24107147
36 80 0.08091108
36 84 0.06884208
37 4 0.17261616
37 8 0.15629206
37 20 0.52163002
37 34 0.19015184
37 46 0.17451383
37 55 0.20636863
37 95 0.16383710
37 111 0.12422877
37 121 0.09774149
37 319 0.05868202
37 374 0.05522649
37 711 0.06361735
38 60 0.11794230
38 74 0.15414896
38 84 0.22982766
38 111 0.10828915
38 119 0.11996471
38 120 0.10468900
38 640 0.09711967
38 664 0.07166614
39 77 0.12218863
39 114 0.22457325
39 117 0.42253351
39 526 0.13449732
39 562 0.07899654
39 674 0.07152042
39 687 0.13166949
40 1 0.15925074
40 9 1.00000000
40 59 0.16969513
40 105 0.19921260
40 123 0.20619382
40 510 0.06070576
41 15 0.13038486
41 64 0.14321011
41 75 0.16781261
41 96 0.22530538
41 102 0.27222723
41 503 0.10668957
41 570 0.10880376
41 663 0.05978258
42 12 0.08304837
42 23 0.21604673
42 33 0.13257784
42 67 0.12103822
42 82 0.19315569
42 94 0.15808239
42 98 0.17083850
42 504 0.06736815
42 564 0.14003650
42 565 0.14240938
42 569 0.08033359
42 571 0.06880849
42 580 0.13408289
42 601 0.12980676
42 604 0.16234882
42 627 0.11722026
42 636 0.17585251
42 646 0.16839815
42 661 0.13188338
42 692 0.19289815
42 710 0.14247675
42 726 0.08633920
43 5 0.07160808
43 38 0.08462859
43 67 0.07142511
43 583 0.12703501
43 617 0.08721213
44 64 0.30928036
44 75 0.16011963
44 96 0.11384883
44 102 0.26113132
44 545 0.05602534
44 563 0.08156170
44 571 0.06945916
44 596 0.10720166
44 631 0.05029826
44 663 0.06359367
45 3 0.15085787
45 25 0.31346816
45 39 0.15418791
45 61 0.25842007
45 62 0.13059997
45 78 1.00000000
45 109 0.12905874
45 114 0.25370666
45 629 0.12332359
45 653 0.11720706
45 729 0.15488039
46 13 0.24555696
46 82 0.13414089
46 124 0.17315852
46 689 0.18442782
46 692 0.16911727
47 40 0.12453097
47 41 0.27871133
47 43 0.25986593
47 86 0.25729324
47 89 0.61745383
47 104 0.23505944
48 5 0.10720870
48 52 0.12449076
48 54 0.13074684
48 69 0.11150949
48 76 0.17275748
48 79 0.08983856
48 88 0.09345945
48 99 0.08019971
48 118 0.09554926
48 309 0.09050897
48 514 0.11970480
48 526 0.14516076
48 664 0.04834341
49 25 0.29425493
49 61 0.25013353
49 78 0.31589512
49 114 0.23307920
49 378 0.04972361
50 2 0.22983795
50 41 0.38151294
50 63 0.12686358
50 94 0.15448780
50 632 0.19699286
50 689 0.15422117
50 701 0.05490978
51 21 0.18006594
51 35 0.38852981
51 73 0.15223757
51 106 0.18712220
51 120 0.10416941
51 124 0.19092222
51 512 0.12126355
51 559 0.14048853
52 5 0.13876717
52 8 0.14816931
52 37 0.06284304
52 74 0.18663485
52 97 0.11735302
52 113 0.13728233
52 121 0.10153947
52 212 0.05985282
52 647 0.08472167
52 669 0.13629514
52 703 0.04095141
53 53 0.10638419
53 123 0.13899679
53 250 0.14262650
53 542 0.15307813
53 552 0.09578122
53 585 0.08807438
53 724 0.04659000
54 15 0.17173995
54 64 0.45196453
54 75 0.15143238
54 96 0.26756537
54 102 0.27080119
55 3 0.17046169
55 28 0.06349469
55 39 0.15571360
55 42 0.06547760
55 62 0.14016751
55 66 0.05688233
55 78 0.44837996
55 109 0.13449292
55 561 0.08229419
55 627 0.11945498
55 629 0.12068180
55 637 0.07262436
55 653 0.11211058
55 729 0.16018814
56 4 0.20897561
56 34 0.39164440
56 35 0.10861146
56 45 0.11148192
56 46 0.18704230
56 55 0.22863609
56 65 0.05594718
56 95 0.20032641
56 631 0.04527099
56 645 0.19285033
57 22 0.09858292
57 60 0.56088685
57 198 0.10198396
57 610 0.09659937
57 665 0.09454404
58 48 0.05954579
58 56 0.05733758
58 214 0.04849644
58 249 0.04723032
58 617 0.04754648
58 676 0.05269366
59 82 0.13216901
59 94 0.10495791
59 103 0.17245063
59 692 0.08575258
59 718 0.17535161
60 17 0.20109113
60 47 0.25302599
60 57 0.12134228
60 63 0.15964540
60 65 0.07205880
60 85 0.84163142
60 110 0.10032962
60 198 0.06721135
60 715 0.06655889
61 13 0.30889532
61 30 0.08947991
61 32 0.15364203
61 82 0.14384981
61 115 0.14277308
61 689 0.19191164
61 692 0.16398867
62 34 0.20176556
62 645 0.21607244
62 692 0.15366604
62 736 0.19109692
62 745 0.20562783
62 748 0.14787741
63 41 0.22426207
63 43 0.17425658
63 89 0.80974637
63 104 0.17826092
63 689 0.16064898
64 23 0.18574179
64 82 0.15378255
64 90 0.12330718
64 93 0.16039723
64 113 0.12505151
64 636 0.17918412
64 723 0.15075974
65 17 0.07809021
65 31 0.02971075
65 65 1.00000000
65 85 0.08166867
65 107 0.30623470
65 711 0.48688368
66 25 0.28484876
66 34 0.37652103
66 61 0.18883433
66 65 0.06350511
66 78 0.22215768
66 95 0.17773561
66 114 0.29605309
66 258 0.05676924
66 671 0.20344538
66 750 0.08434324
67 1 0.18182422
67 4 0.20923488
67 9 0.23198677
67 20 0.17579706
67 25 0.14717082
67 34 0.24809848
67 35 0.23598319
67 36 0.20141786
67 45 0.12209460
67 46 0.23349888
67 55 0.31171874
67 95 0.20958986
67 103 0.33846898
67 105 0.60423908
67 123 0.26065077
67 134 0.06776864
68 14 0.12489794
68 24 0.07408374
68 91 0.10627214
68 96 0.12052063
68 100 0.09962893
68 112 0.10261649
68 727 0.14412131
69 23 0.11566503
69 27 1.00000000
69 82 0.16850390
69 207 0.07164030
69 692 0.15098692
69 729 0.14677800
70 4 0.27182714
70 22 0.12608274
70 29 0.16941030
70 55 0.26120210
70 77 0.16840625
70 101 0.08154114
70 450 0.10140084
70 500 0.06244284
70 622 0.07645393
70 693 0.05165944
70 733 0.10201522
71 15 0.15195145
71 30 0.10493351
71 70 0.13667590
71 91 0.11600811
71 96 0.19085466
71 106 0.11810219
71 301 0.04510420
72 8 0.13533097
72 37 0.06229099
72 38 0.09632180
72 84 0.07509279
72 90 1.00000000
72 93 0.23561485
72 97 0.19495396
72 111 0.10185422
72 113 0.15864903
72 120 0.18031039
72 566 0.07040834
72 714 0.08106710
73 22 0.25007963
73 29 0.16714178
73 67 0.25983781
73 69 0.10583358
73 77 0.20569225
73 411 0.06247943
73 472 0.04510572
73 526 0.15334476
73 612 0.06431978
74 3 0.06839727
74 48 0.99598097
74 50 0.08120313
74 61 0.12588655
74 67 0.10348166
74 72 0.07483285
74 100 0.14722702
74 101 0.09673012
74 119 0.09946061
74 253 0.06611848
74 396 0.08316161
75 18 0.14464829
75 24 0.11432219
75 60 0.10954779
75 80 0.10700244
75 91 0.11921348
75 112 0.15724168
76 18 0.11494744
76 24 0.07114192
76 91 0.32682027
76 112 0.09363697
76 329 0.05034068
76 508 0.12492619
76 651 0.11081579
76 697 0.10031566
77 6 0.15969536
77 36 0.18713482
77 40 0.13366808
77 41 0.22554846
77 43 0.37577071
77 86 1.00000000
77 104 0.24349143
77 109 0.11568060
77 495 0.04284407
78 52 0.11700890
78 55 0.13526699
78 64 0.26785584
78 77 0.14369213
78 96 0.13460116
78 102 0.15093079
79 1 0.26885697
79 9 0.20619382
79 53 0.29728010
79 59 0.37922942
79 105 0.38026901
79 123 1.00000000
80 8 0.11817082
80 37 0.05715639
80 74 0.15550117
80 97 0.12466983
80 113 0.12289611
80 120 0.09635883
80 121 0.09002914
80 668 0.13672540
81 7 0.09561176
81 48 0.10359177
81 61 0.35896401
81 68 0.11408718
81 77 0.12478741
81 100 0.08178835
81 117 0.13853139
81 122 0.13111473
81 160 0.08841430
81 166 0.03890000
81 223 0.07545586
82 1 0.21043913
82 53 0.21087108
82 59 1.00000000
82 76 0.21001125
82 105 0.28797206
82 123 0.37922942
83 1 0.20921639
83 9 0.18814665
83 53 0.64132305
83 59 0.25658629
83 105 0.30063956
83 123 0.36531857
84 6 0.28714381
84 36 0.25045962
84 46 0.25675878
84 47 0.17483062
84 57 0.09279460
84 63 0.13212049
84 85 0.11170690
84 110 0.28296732
84 735 0.09981202
85 13 0.16099675
85 80 0.10765161
85 86 0.18473716
85 87 0.05281875
85 89 0.13388330
85 124 0.17770995
85 689 0.12402083
86 30 0.21340326
86 38 0.14967973
86 70 0.23276172
86 96 0.16697877
86 101 0.16029846
86 115 0.13396593
86 342 0.04786033
86 723 0.25271486
87 68 0.14903649
87 69 0.09905037
87 77 0.15209104
87 117 0.15620742
87 122 0.31972339
87 249 0.05499252
87 514 0.15515379
87 566 0.07688949
87 646 0.13779458
87 682 0.05495759
87 722 0.08032570
88 41 0.12094430
88 76 0.11483138
88 526 0.11514366
88 547 0.11142089
88 709 0.11420149
89 54 0.50844876
89 68 0.51802402
89 71 0.06972784
89 280 0.05197676
89 522 0.10315312
89 526 0.15328635
89 537 0.08088353
89 549 0.13120725
89 564 0.13593911
89 578 0.14740812
89 617 0.15317764
89 630 0.09786315
89 672 0.08656410
89 676 0.14856770
89 677 0.10285818
89 686 0.11976061
89 722 0.08695270
90 2 0.17499776
90 23 0.12138096
90 41 0.13940854
90 89 0.16670720
90 580 0.11235325
90 646 0.11330458
91 2 0.21698901
91 41 0.18830673
91 89 0.21213376
91 104 0.13934212
91 632 0.13031625
92 15 0.15779243
92 91 0.09088845
92 554 0.08604346
92 558 0.09926875
92 604 0.09176512
92 640 0.06988703
93 11 0.12734641
93 26 0.39159761
93 116 0.04530615
93 461 0.07621821
93 465 0.03957052
94 59 0.14842399
94 64 0.11544175
94 75 0.18976966
94 169 0.05308940
94 515 0.07705121
94 544 0.11044200
94 563 0.09657984
94 571 0.07598611
94 610 0.18321463
94 644 0.07862187
94 655 0.08744801
94 675 0.13348644
94 727 0.09967213
95 5 0.12764597
95 12 0.08134424
95 14 0.13515859
95 22 0.16802991
95 23 0.19542133
95 29 0.09969936
95 31 0.02802494
95 33 0.11767465
95 38 0.12022320
95 39 0.07873590
95 48 0.10277244
95 49 0.17386536
95 50 0.05999828
95 51 0.05582853
95 52 0.10263978
95 54 0.21866986
95 62 0.14395276
95 67 0.20997210
95 68 0.18961783
95 69 0.13541884
95 73 0.08382494
95 76 0.14716149
95 77 0.19912011
95 80 0.09246076
95 88 0.09390474
95 90 0.11508793
95 91 0.19265975
95 92 0.05894787
95 94 0.13900530
95 98 0.11642888
95 107 0.09394775
95 108 0.11519922
95 115 0.11112480
95 117 0.16466233
95 118 0.08830645
95 122 0.13071425
95 134 0.06626109
95 188 0.07168858
95 300 0.07018740
95 333 0.06610704
95 391 0.08281846
95 504 0.08834066
95 505 0.09239792
95 507 0.12093004
95 514 0.15021137
95 519 0.05624180
95 522 0.13681494
95 526 0.24684117
95 529 0.13238845
95 533 0.10769169
95 536 0.15183816
95 538 0.11815543
95 542 0.12599077
95 545 0.06063945
95 546 0.08292227
95 550 0.11335245
95 551 0.13824261
95 552 0.12557257
95 557 0.12401941
95 559 0.09359808
95 564 0.20255533
95 565 0.19719776
95 566 0.08721405
95 574 0.13531321
95 576 0.12275998
95 578 0.13866393
95 580 0.14713294
95 581 0.12058821
95 589 0.08501308
95 599 0.10465889
95 600 0.15768907
95 601 0.15950184
95 602 0.07773135
95 604 0.16221340
95 614 0.14067374
95 617 0.19593272
95 619 0.11535764
95 625 0.09289058
95 627 0.15113746
95 628 0.10695670
95 630 0.11618760
95 631 0.04910066
95 639 0.05592369
95 641 0.09873768
95 644 0.12460942
95 646 0.16035585
95 648 0.11078889
95 649 0.08038786
95 661 0.15012147
95 662 0.12870106
95 663 0.06184338
95 664 0.04497224
95 665 0.11673188
95 668 0.11359716
95 674 0.07175133
95 676 0.20759847
95 678 0.13035577
95 680 0.10346084
95 683 0.16118394
95 686 0.16056360
95 699 0.19181336
95 701 0.06846522
95 704 0.16119317
95 705 0.03752657
95 710 0.15420263
95 717 0.07214716
95 725 0.13187214
95 727 0.09483952
95 739 0.12401320
95 740 0.11426187
95 743 0.06293909
96 5 0.07468269
96 7 0.14166072
96 53 0.10578895
96 70 0.07615789
96 106 0.06649397
97 12 0.08146223
97 21 0.05349060
97 24 0.07783186
97 49 0.12544150
97 66 0.04998965
97 77 0.11986893
97 91 0.17098505
97 508 0.11093408
97 683 0.10957252
98 34 0.20544424
98 252 0.04762625
98 643 0.14438248
98 645 0.22097888
98 648 0.07928316
98 671 0.15779987
98 716 0.15378443
99 9 0.12017406
99 22 0.10474073
99 114 0.16066711
99 117 0.34279116
99 565 0.10581060
99 620 0.09770387
100 17 0.07364216
100 77 0.08641426
100 90 0.12118062
100 106 0.13453845
100 584 0.08696045
100 686 0.08318132
101 143 0.36251140
101 153 0.03698159
101 173 0.06847173
101 175 0.06167388
101 188 0.07915173
101 190 0.17969631
101 234 0.06611173
102 126 0.08855491
102 130 1.00000000
102 194 0.06531892
102 199 0.06808467
102 290 0.06278357
102 346 0.06144158
103 132 0.07611066
103 134 0.13533800
103 142 0.08298258
103 169 0.07299895
103 177 0.16855665
103 180 1.00000000
103 209 0.07584810
104 143 0.04249024
104 177 0.04710354
104 271 0.04731857
104 294 0.06156229
104 749 0.05029837
105 126 0.68291990
105 130 0.21329820
105 147 0.07108215
105 199 0.06855018
105 220 0.08783003
105 346 0.06703602
106 128 0.09508191
106 147 0.07379867
106 172 0.16017821
106 177 0.15553095
106 193 0.12986734
106 204 0.17514551
106 237 0.10015382
106 244 0.10322599
107 150 0.14217031
107 157 0.16914154
107 168 0.05815835
107 170 0.21963748
107 176 0.07308562
107 197 0.14461890
107 201 0.10875701
107 206 0.24428596
107 208 0.08338222
107 215 0.16845520
107 226 0.16951458
107 227 0.31226514
107 238 0.07299058
107 246 0.09364065
107 247 0.32200486
107 521 0.02300119
108 130 0.06986879
108 330 0.05326358
108 425 0.03590108
108 432 0.05923889
108 447 0.04657942
108 494 0.07105694
108 623 0.04521611
108 707 0.03617494
109 155 0.05819952
109 170 0.05949809
109 177 0.05911728
109 211 0.06149929
109 213 0.08184849
109 235 0.04685393
110 126 0.09870384
110 146 0.09624739
110 192 0.07009900
110 220 1.00000000
110 231 0.18107953
110 425 0.02868861
111 126 0.09387904
111 139 0.07686996
111 161 0.08060299
111 176 0.08799001
111 197 0.09493622
111 199 1.00000000
111 210 0.10214442
111 218 0.05823061
111 233 0.10574077
111 248 0.08768576
111 262 0.04667325
111 264 0.07227792
111 292 0.08459753
112 29 0.07240182
112 133 0.07720003
112 236 0.22038122
112 244 0.06740672
112 245 0.02746623
112 250 0.10538535
112 364 0.08805628
113 197 0.06322095
113 219 0.06244975
113 350 0.06670297
113 552 0.06721958
113 579 0.06490460
114 129 0.07209451
114 137 0.11785432
114 139 0.06478378
114 149 0.07067002
114 156 0.09085365
114 187 0.08663574
114 208 0.06767704
114 210 0.09636384
115 129 0.08197643
115 131 0.07416777
115 163 0.09333717
115 177 0.11035709
115 181 0.06654675
115 182 0.07967311
116 126 0.07434206
116 167 0.04708016
116 173 0.06486386
116 188 0.39100677
116 190 0.07513139
116 230 0.05129678
116 239 0.06443387
117 144 0.06492753
117 154 0.07314914
117 189 0.08119186
117 232 0.25002924
117 234 0.06732536
117 235 0.06495921
117 236 0.08621858
118 144 0.08578463
118 178 0.06941663
118 185 0.10112189
118 194 0.08242947
118 213 0.06351763
119 47 0.15912148
119 57 0.09168327
119 85 0.09649279
119 158 0.06377598
119 170 0.19313443
119 183 0.18246739
119 184 0.11168650
119 203 0.06983374
119 235 0.04466401
120 173 0.08215429
120 225 0.05196275
120 226 0.04937660
120 243 0.05792099
120 369 0.05581502
121 131 0.10378915
121 137 0.18821153
121 164 0.24975882
121 184 0.13587029
121 185 0.11892830
121 208 0.12736291
121 221 0.08169968
121 227 0.14595729
121 240 0.09063226
122 155 0.09339484
122 173 0.08306236
122 174 0.09455033
122 196 0.09130472
122 211 0.06491134
122 226 0.10915178
122 228 0.09976538
122 243 0.09418698
122 245 0.10518465
122 248 0.08026567
122 367 0.09924038
122 700 0.08318769
123 47 0.15014521
123 128 0.09863306
123 170 0.13910235
123 177 0.15526188
123 178 0.05391841
123 183 1.00000000
123 193 0.14820299
123 237 0.11069207
124 129 0.07432186
124 131 0.08796308
124 167 0.05198453
124 178 0.05334827
124 195 0.12547627
124 207 0.06231620
124 241 0.08253103
124 246 0.08577350
124 521 0.02524092
125 126 0.09758207
125 188 0.38383355
125 190 0.07436486
125 230 0.14560508
125 239 0.07635808
126 207 0.07862349
126 211 0.07116090
126 241 0.06602578
126 248 0.05520498
126 563 0.08808376
127 168 0.10556524
127 203 0.06312771
127 218 0.06131625
127 220 0.24347771
127 231 0.15335471
128 124 0.09206517
128 166 0.04272996
128 212 0.04760491
128 228 0.10723212
128 367 0.06765168
128 558 0.08459351
128 597 0.08040481
128 604 0.08205163
129 184 0.07339530
129 199 0.36397540
129 208 0.12229823
129 210 0.07450398
129 262 0.06456721
129 292 0.12827989
129 623 0.04555176
130 126 0.07883866
130 145 0.05645445
130 192 0.08593674
130 196 0.07774084
130 207 0.06293261
130 222 0.09426746
130 229 0.13010676
130 230 0.07210228
131 126 0.06911225
131 142 0.07325156
131 147 0.07839994
131 193 0.10813270
131 329 0.06944699
132 137 0.13681604
132 138 0.09425374
132 164 0.11942547
132 168 0.05581477
132 185 0.09194822
132 204 0.05683753
132 216 0.07416978
132 217 0.08687815
132 220 0.19174781
132 221 0.09985187
132 231 0.11218620
132 239 0.08301625
133 141 0.12360894
133 156 0.08230598
133 177 0.08577887
133 211 0.13110458
133 228 0.09049437
134 127 0.07725093
134 163 0.14546047
134 181 0.09372804
134 201 0.10325559
134 240 0.13557927
134 242 0.08439562
134 707 0.04038197
135 130 0.24841884
135 173 0.06834078
135 199 0.14687882
135 237 0.06776746
135 346 0.07813463
136 140 0.05724570
136 165 0.08189292
136 218 0.06742282
136 236 0.05570588
136 693 0.05621033
137 5 0.06124084
137 176 0.11135674
137 244 0.05390919
137 273 0.05464060
137 347 0.08688614
137 415 0.06281493
137 575 0.05324200
137 701 0.07005362
138 145 0.04514719
138 192 0.59893682
138 271 0.06543609
138 324 0.04681310
138 335 0.04943188
139 133 0.09362312
139 138 0.07009851
139 148 0.09802611
139 177 0.10382829
139 196 0.09711486
139 204 0.10254235
139 216 0.08266749
139 217 0.11831418
139 222 0.07673738
139 227 0.09920695
139 234 0.10903819
139 240 0.09127927
139 244 0.05488732
139 247 0.13550951
140 127 0.09727115
140 160 0.06664718
140 163 0.12717952
140 181 0.09063162
140 194 0.07843564
140 236 0.23183206
140 730 0.03978631
141 126 0.08342820
141 189 0.06487836
141 192 1.00000000
141 208 0.08294101
141 220 0.07009900
142 145 0.14673446
142 156 0.07552812
142 158 0.08416567
142 176 0.06626119
142 225 0.62015093
143 128 0.10341291
143 129 0.11290835
143 145 0.05553673
143 146 0.10132848
143 149 0.06994267
143 153 0.04827675
143 156 0.09303770
143 173 1.00000000
143 174 0.13454239
143 182 0.10557695
143 183 0.07987532
143 188 0.09549622
143 197 0.06908814
143 201 0.11135846
143 213 0.11663928
143 215 0.08428936
143 226 0.10584827
143 228 0.10018483
143 243 0.10316841
143 246 0.12058219
143 248 0.05404053
144 134 0.06949125
144 144 0.07266992
144 148 0.08949699
144 154 0.06668929
144 162 0.08863035
144 179 0.07895923
144 200 0.23503645
144 202 0.07335236
144 216 0.10967194
144 217 0.07559461
144 224 0.08362534
144 225 0.06472784
144 232 0.06164477
144 234 1.00000000
144 243 0.13639797
144 246 0.08687997
144 362 0.04938928
144 746 0.04892438
145 130 0.14636759
145 142 0.08785663
145 147 0.08059852
145 237 0.06135587
145 290 0.07265042
146 22 0.05273073
146 77 0.05895671
146 141 0.07269050
146 213 0.05521727
146 353 0.05422284
147 7 0.05027814
147 141 0.08791213
147 180 0.07718107
147 316 0.05055822
147 402 0.04776985
147 707 0.03557362
148 129 0.08071812
148 131 0.10611980
148 133 0.11068180
148 139 0.06761151
148 145 0.06192225
148 159 0.05284576
148 168 0.06267475
148 176 0.07337068
148 177 0.13498686
148 190 0.08120369
148 195 0.08464181
148 197 0.07446211
148 203 0.06210276
148 206 0.09147910
148 214 0.08648239
148 227 0.11962519
148 239 0.07507199
148 241 0.13556232
148 246 0.11764813
148 247 0.14866978
149 154 0.07682162
149 161 0.07770944
149 350 0.11387124
149 412 0.07978290
149 487 0.08274975
149 488 0.09861846
149 495 0.04682608
150 132 0.07761690
150 171 0.08483711
150 223 0.06786148
150 369 0.05347717
150 749 0.05576606
151 150 0.18462854
151 157 0.15678703
151 170 0.11826960
151 177 0.14257461
151 193 0.10750731
151 206 0.16678350
151 209 0.08146903
151 215 0.08761432
151 227 0.21048319
151 247 0.20055817
152 141 0.12194821
152 143 0.04757567
152 155 0.13485916
152 242 0.04544468
152 245 0.08825503
153 173 0.10106321
153 187 0.05948773
153 196 0.14726272
153 210 0.12389681
153 215 0.06837810
153 228 0.12898282
153 233 0.21973236
153 238 0.06963162
153 448 0.03296275
154 176 0.06658124
154 179 0.09693921
154 186 0.06857621
154 207 0.51797410
154 247 0.07584983
154 379 0.05867648
155 172 1.00000000
155 177 0.06421017
155 193 0.10737723
155 309 0.08537624
155 673 0.06974747
156 137 0.13406632
156 138 0.20854089
156 148 0.06633958
156 152 0.05815253
156 164 0.15282124
156 175 0.06940859
156 185 0.06419068
156 209 0.10546943
156 214 0.25336948
156 221 0.12389487
156 225 0.06626112
156 230 0.08203331
156 231 0.07750841
157 131 0.13351273
157 167 0.04844831
157 182 0.07437856
157 195 0.06336868
157 241 0.14267199
157 256 0.08152998
158 110 0.05858382
158 132 0.10627617
158 146 0.05673190
158 180 0.06358708
158 209 0.05809904
159 23 0.05233019
159 164 0.07904749
159 184 0.06045332
159 208 0.05253835
159 226 0.12695944
160 196 0.10738570
160 210 0.12024971
160 228 0.10888115
160 233 0.13245750
160 399 0.05617012
160 603 0.07117472
161 172 0.05360021
161 204 0.12223705
161 229 0.04994916
161 244 1.00000000
161 391 0.05229471
161 623 0.04532588
162 127 0.07807164
162 137 0.09082117
162 139 0.07274823
162 143 0.10371941
162 172 0.06155555
162 178 0.07240454
162 210 0.07802024
163 160 0.08881340
163 186 0.06318234
163 202 0.42054161
163 243 0.08765839
163 250 1.00000000
163 319 0.06583863
163 396 0.08066473
163 715 0.06646171
164 129 0.08706028
164 133 0.11777796
164 134 0.07952886
164 138 0.06482765
164 139 0.10043389
164 141 0.12077945
164 143 0.08398445
164 145 0.08131476
164 146 0.10939080
164 148 0.07107054
164 149 0.07839388
164 154 0.09354813
164 155 0.07517688
164 156 0.10619042
164 157 0.06328389
164 158 0.06210337
164 161 0.07114564
164 168 0.08221004
164 173 0.10386624
164 174 0.07044303
164 177 0.13035040
164 179 0.09817444
164 180 0.08553513
164 182 0.08529382
164 185 0.08061170
164 187 0.05605252
164 189 0.06693236
164 190 0.08752540
164 194 0.09298140
164 196 0.12630387
164 200 0.08266538
164 201 0.12059415
164 203 0.05743939
164 206 0.08881206
164 210 0.11079877
164 211 0.09022524
164 214 0.08893024
164 216 0.10807562
164 221 0.08900816
164 222 0.08808381
164 225 0.06659615
164 228 0.12789840
164 231 0.06161580
164 233 0.10664664
164 234 0.12368582
164 236 0.10570536
164 238 0.10696213
164 240 0.11904872
164 241 0.11891242
164 242 0.06886207
164 243 0.12300687
164 246 0.09248673
164 247 0.12828653
165 83 0.03583646
165 135 1.00000000
165 140 0.11480969
165 141 0.10439070
165 218 0.06820577
165 645 0.07610095
166 146 0.69597785
166 156 0.06071762
166 173 0.07691825
166 220 0.07527435
166 243 0.05937230
167 144 0.07943542
167 162 0.12203076
167 200 0.31791140
167 202 0.07303722
167 224 0.12373649
167 234 0.59935343
167 243 0.08983525
167 347 0.04159725
167 730 0.03835064
168 144 0.43757013
168 162 0.69172539
168 200 0.62455107
168 202 0.18928996
168 224 0.89437443
168 226 0.09207351
169 129 0.09230449
169 131 0.09981011
169 133 0.08116957
169 135 0.14765231
169 173 0.12941895
169 174 0.24234903
169 182 0.16071055
169 195 0.07952884
169 211 0.06811169
169 241 0.10096224
169 247 0.11548980
169 250 0.07420279
170 37 0.04967359
170 140 0.10051499
170 146 0.08538289
170 180 0.08436273
170 222 0.24086877
170 247 0.07658755
171 125 0.06441469
171 142 0.09498999
171 179 0.06932808
171 415 0.06892186
171 655 0.05635017
172 140 0.09714446
172 147 0.08141150
172 180 0.10211592
172 189 0.07840547
172 194 0.10014314
172 209 0.10549432
172 210 0.10547260
172 233 0.11386526
172 238 0.07999024
172 239 0.07526477
173 127 0.10958589
173 143 0.08101895
173 160 0.06291739
173 163 0.12348005
173 177 0.12271345
173 181 0.15207733
173 194 0.08093324
173 235 0.03469247
173 236 0.12847223
174 152 0.07118092
174 166 0.04963704
174 175 0.09539049
174 179 0.07384871
174 190 0.09375606
174 214 0.07230371
174 249 0.04959835
175 126 0.08802883
175 135 0.07869227
175 146 0.08687990
175 475 0.07335897
175 568 0.10020305
176 171 1.00000000
176 186 0.67527933
176 223 0.07900782
176 269 0.07395279
176 750 0.06801075
177 126 0.07998352
177 131 0.11249858
177 152 0.05680278
177 241 0.10240981
177 246 0.08446935
177 248 0.08616856
178 135 0.10469669
178 213 0.09721325
178 215 0.06179749
178 218 0.05485730
178 225 0.07586887
178 236 0.06965551
178 347 0.05839377
178 598 0.05256720
179 158 0.06856995
179 179 0.07891201
179 184 0.07980741
179 191 0.44034202
179 233 0.07809598
179 238 0.13205541
180 56 0.06393461
180 135 0.15592383
180 147 0.07133829
180 165 0.06148079
180 217 0.07359484
180 220 0.08148274
180 745 0.07084910
181 126 0.09642057
181 146 0.60883765
181 149 0.07341560
181 172 0.07271893
181 193 0.09477736
181 220 0.20090097
181 228 0.07523273
182 155 0.07179986
182 206 0.05262991
182 213 0.12576922
182 215 0.06495413
182 626 0.05856923
183 129 0.07774684
183 131 0.05673513
183 195 0.06072735
183 241 0.07217458
183 617 0.05627609
184 140 0.08656190
184 156 0.08529022
184 184 0.07282291
184 194 0.07316440
184 206 0.08678959
185 126 0.08080204
185 156 0.11905128
185 201 0.32163659
185 242 1.00000000
185 245 0.13370747
186 136 0.05786920
186 143 0.06741573
186 178 0.05284875
186 182 0.06400598
186 212 0.08067929
186 219 0.06530715
186 676 0.06872586
187 126 1.00000000
187 140 0.08450546
187 177 0.10541947
187 189 0.06571096
187 190 0.09168613
187 192 0.08342820
187 193 0.09368202
187 194 0.07891233
187 195 0.06840205
187 199 0.09387904
187 220 0.09870384
187 230 0.05797712
187 237 0.08111824
187 242 0.08080204
188 126 0.07955841
188 128 0.11322630
188 140 0.07739970
188 141 0.06885431
188 151 0.05124716
188 239 0.07584910
189 5 0.05104173
189 176 0.07953023
189 330 0.05658929
189 477 0.06036967
189 673 0.04566879
190 150 0.09432933
190 157 0.09370178
190 158 1.00000000
190 184 0.07381328
190 203 0.06766675
191 126 0.19047350
191 130 0.09024774
191 132 0.07402483
191 142 0.09759602
191 146 0.16952527
191 147 0.09126341
191 156 0.10364141
191 180 0.15213396
191 192 0.11773135
191 199 0.10909223
191 209 0.08741010
191 220 0.18848791
191 237 0.07006735
192 127 0.08340786
192 143 0.09602458
192 150 0.05512763
192 152 0.05331541
192 154 0.09296224
192 163 0.14131143
192 177 0.10605082
192 189 0.31394185
192 204 0.08364780
192 212 0.08452836
192 229 0.11510319
192 235 0.09558517
192 240 0.09931531
193 126 0.08460223
193 128 0.09173538
193 177 0.15472107
193 193 0.07693673
193 374 0.05881477
193 378 0.07517027
194 60 0.08821575
194 153 0.26127966
194 167 0.68459270
194 190 0.07957946
194 198 0.91369655
195 133 0.05974319
195 173 0.06043636
195 188 0.05920014
195 195 0.08510169
195 255 0.06137156
196 174 0.05677380
196 199 0.06118333
196 223 0.06605967
196 234 0.06222215
196 473 0.06438334
196 653 0.07443403
197 138 0.08472962
197 148 0.08282117
197 216 0.69797061
197 217 0.10470670
197 221 0.12390909
197 234 0.09569674
197 243 0.15164951
198 137 0.15256605
198 156 0.08237045
198 164 0.08409675
198 232 0.06313940
198 240 0.08797450
198 242 0.08559214
198 519 0.06411421
198 750 0.07372746
199 205 1.00000000
199 252 0.08285820
199 278 0.05857197
199 356 0.05932154
199 655 0.05182446
200 156 0.07322842
200 182 0.06437606
200 490 0.06286032
200 645 0.06405906
200 721 0.09047619
201 260 0.10512086
201 276 0.26270743
201 286 0.17620679
201 303 0.09811079
201 356 0.13633247
201 371 0.12741934
202 90 0.04948954
202 91 0.04324860
202 107 0.05465236
202 493 0.14728837
202 657 0.10288178
203 254 0.09814152
203 273 0.05883984
203 279 0.14134137
203 288 0.22182966
203 306 0.16527028
203 328 0.23846517
203 372 0.12673346
204 255 0.07209111
204 295 0.07751088
204 309 0.10711084
204 323 0.05155812
204 338 0.08984294
204 342 0.08433429
204 359 0.08097987
204 365 0.18460775
205 260 0.47598983
205 265 0.52943050
205 286 0.49528615
205 364 0.34799241
205 626 0.07041062
206 343 0.07223185
206 350 0.33038536
206 367 0.05021923
206 480 0.04852788
206 564 0.04660271
207 261 0.11872951
207 277 0.05664946
207 287 0.13155048
207 334 0.14007651
207 338 0.14666735
207 369 0.09438112
207 428 0.10955650
208 258 0.05588360
208 271 0.06019256
208 293 0.06033469
208 338 0.08802539
208 353 0.07862749
208 505 0.10573352
209 254 0.07215137
209 285 0.06367382
209 286 0.10565952
209 301 0.04405132
209 311 0.10641646
209 317 0.05015519
209 356 0.13682497
210 253 0.45705415
210 254 0.25128878
210 282 0.41505373
210 299 0.10856601
210 302 0.28435299
210 310 0.07024674
210 326 0.29212754
210 361 0.11508531
210 370 0.27244043
211 276 0.12343237
211 284 0.09875388
211 286 0.20553182
211 321 0.43230666
211 324 0.18302021
211 328 0.16824738
211 340 0.26079510
211 355 0.21769176
211 371 0.21017040
212 288 0.06974382
212 311 0.11010190
212 314 0.06974220
212 340 0.09218369
212 369 0.06531402
213 254 0.05495866
213 269 0.06655323
213 296 0.06718153
213 318 0.06049162
213 324 0.08362351
214 95 0.08245963
214 259 0.06497119
214 271 0.11491041
214 273 0.05612186
214 370 0.47491813
214 652 0.09062850
215 296 1.00000000
215 297 0.07321530
215 310 0.06278212
215 526 0.06944398
215 646 0.08764116
216 274 0.04516415
216 288 0.05258017
216 299 0.04961230
216 334 0.05096187
216 338 0.07786465
216 367 0.05165800
216 438 0.04934473
217 188 0.05290912
217 255 0.11765383
217 296 0.10050279
217 297 0.26996467
217 349 0.10932941
218 278 0.08405480
218 353 0.05655908
218 356 0.07455879
218 363 0.05338620
218 369 0.06019944
219 99 0.07647995
219 293 0.05654250
219 297 0.13549444
219 312 0.05692504
219 338 0.09693758
219 724 0.04888454
220 261 0.34720564
220 277 0.06337206
220 279 0.09516250
220 281 0.05648102
220 288 0.20643139
220 293 0.08667748
220 300 0.10182900
220 306 0.18740871
220 310 0.07537477
220 311 0.11466362
220 327 0.06958735
220 328 0.40823310
220 333 0.11232985
220 343 0.12977236
220 368 0.04726932
220 372 0.13781128
221 22 0.08467370
221 136 0.11430208
221 311 0.07880252
221 617 0.07683878
221 740 0.08015370
222 255 0.10074468
222 261 0.20268064
222 263 0.07811157
222 286 0.12397232
222 334 0.22934121
222 346 0.06040513
222 356 0.15657347
222 357 0.06479188
222 359 0.08545698
223 101 0.07175588
223 266 1.00000000
223 274 0.22589832
223 339 0.14012143
223 348 0.17699612
223 349 0.19945952
224 263 0.06978811
224 272 0.05448280
224 282 0.06159479
224 326 0.06242226
224 338 0.19554746
224 341 0.04674666
224 359 0.11755745
225 285 0.08710801
225 286 0.12141046
225 320 0.11474368
225 340 0.10583192
225 364 0.24689292
225 371 0.11578797
226 250 0.06801559
226 274 0.04639463
226 290 0.12399755
226 295 0.07686129
226 302 0.75634498
226 303 0.12836406
227 259 0.06959647
227 271 0.12600319
227 284 0.07103443
227 292 0.06144389
227 294 0.23832243
227 298 0.09494192
227 301 0.07787507
227 324 0.12809354
227 326 0.06769851
227 333 0.06757979
227 335 0.06266151
227 336 0.15024495
227 337 0.15717212
227 351 0.22934451
227 363 0.06431033
227 372 0.08517713
228 260 0.06947880
228 279 0.09841972
228 288 0.48638246
228 318 0.09035254
228 325 0.09536803
228 328 0.21251665
228 333 0.12968280
228 340 0.13091022
228 343 0.07890467
228 346 0.06788444
228 359 0.09108007
228 360 0.12157458
228 372 0.17636419
229 255 0.11064332
229 272 0.21771050
229 277 0.10235745
229 280 0.17531102
229 750 0.10320641
230 261 0.47735243
230 334 0.37896509
230 352 0.07001062
230 368 0.06804704
230 369 0.07207258
230 428 0.07298957
231 48 0.10851191
231 232 0.06365492
231 253 0.06866457
231 276 0.09308997
231 281 0.05896827
231 282 0.08330705
231 289 0.10353850
231 300 0.10094593
231 311 0.10445387
231 314 0.08696811
231 316 0.07243492
231 327 0.06638107
231 345 0.06132592
231 352 0.07381548
231 362 0.05673143
231 368 0.05175812
231 374 0.05434027
231 375 0.11064127
231 536 0.10809859
232 260 0.15258342
232 264 0.08589848
232 265 0.07390226
232 267 0.08102508
232 270 0.10677059
232 276 0.20909023
232 285 0.16343557
232 286 0.13603884
232 308 0.06688569
232 315 0.09899692
232 320 0.08093805
232 353 0.08213644
232 368 0.05166038
232 371 0.09901661
232 375 0.05477285
233 281 0.05377047
233 288 0.07447124
233 300 0.07407478
233 304 0.06803839
233 306 0.08567894
233 311 0.12818514
233 313 0.07223014
233 314 0.09189651
233 316 0.09917993
233 317 0.04932720
233 319 0.07249825
233 323 0.05163474
233 623 0.07021911
234 254 0.25493802
234 282 0.44282658
234 299 0.13359891
234 302 0.31720722
234 310 0.06092764
234 321 0.26774486
234 324 0.16239148
234 326 0.31475452
234 355 0.19426909
234 361 0.12450810
234 370 0.29765810
235 266 0.12057176
235 295 0.52569929
235 329 0.08427808
235 339 0.12325309
235 349 0.09950945
235 365 0.09912579
236 49 0.06253981
236 151 0.05245363
236 320 0.05581738
236 420 0.05675511
236 536 0.05410669
236 565 0.05502735
237 267 0.11528217
237 281 0.17521152
237 283 0.27237486
237 307 0.12999762
237 336 0.87438531
237 348 0.19019305
237 351 0.12115668
237 355 0.26139300
237 373 0.21337522
238 87 0.04959491
238 269 0.06206395
238 275 0.07571067
238 296 0.09241917
238 338 0.11984395
238 341 0.06881074
238 345 0.12011732
238 361 0.06469719
239 171 0.08454491
239 269 0.80226706
239 272 0.09954936
239 312 0.04993848
239 324 0.15976434
239 332 0.03228343
239 338 0.09868651
239 361 0.36924591
240 261 0.20438120
240 328 0.05858872
240 334 0.10630775
240 473 0.05872545
240 625 0.06280373
241 206 0.09933186
241 271 0.30206887
241 288 0.07753914
241 340 0.10853117
241 360 0.14681889
242 19 0.06730382
242 49 0.10344894
242 325 0.19514988
242 373 0.08653859
242 515 0.05576885
242 526 0.07802080
242 676 0.07665352
243 267 0.16936787
243 307 0.17319334
243 321 0.06751090
243 336 0.20809765
243 338 0.07851443
243 345 0.05613852
243 348 0.26330902
243 598 0.04485568
244 77 0.07105665
244 172 0.05994197
244 293 0.10181301
244 322 0.08107119
244 328 0.07221854
244 350 0.09860006
245 256 0.12059991
245 265 0.06635958
245 280 0.12241663
245 293 0.09732083
245 303 0.09377761
245 304 0.12924519
245 312 0.07082732
245 314 0.11293636
245 316 0.09014905
245 344 0.13433998
245 369 0.10466980
246 266 0.09577467
246 270 0.07313759
246 339 0.09621367
246 348 0.07862624
246 349 0.09817125
246 713 0.05229343
247 257 0.05768581
247 265 0.06495081
247 283 0.07844035
247 285 0.08456904
247 294 0.13773172
247 324 0.13839723
247 337 0.15766571
247 340 0.13990353
247 360 0.16332089
247 730 0.22128768
248 258 0.07834086
248 275 0.07818821
248 294 0.06946894
248 296 0.07247171
248 399 0.05147255
248 533 0.07240318
248 676 0.07999703
249 254 0.07223401
249 311 0.12330966
249 362 0.05430817
249 399 0.04611180
249 436 0.06411651
249 523 0.08710875
249 683 0.07111946
249 749 0.08498861
250 254 0.07288298
250 311 0.08341183
250 338 0.10243996
250 371 0.07362821
250 432 0.09873243
251 31 0.03029428
251 289 0.05425307
251 293 0.06873579
251 312 1.00000000
251 335 0.07814123
251 338 0.11615644
251 356 0.06345914
252 267 0.12335682
252 306 0.28339542
252 307 0.13341068
252 336 0.77866766
252 348 0.20286990
252 351 0.08151057
252 366 0.27881486
253 325 0.07123961
253 375 0.05320027
253 565 0.09605078
253 661 0.06582346
253 688 0.07958528
253 690 0.07799432
254 284 0.06679230
254 317 0.42918621
254 321 0.46076662
254 324 0.22179827
254 328 0.17541576
254 355 0.23221108
254 368 0.05428838
255 132 0.07453485
255 289 0.07467982
255 331 0.17940502
255 345 0.05763585
255 565 0.07032439
255 750 0.07150479
256 198 0.07582334
256 276 0.07683855
256 284 0.04374857
256 311 0.10732877
256 321 0.25706929
256 324 0.11271608
256 328 0.14191262
256 332 0.03723099
256 340 0.14962392
256 355 0.10074985
257 108 0.04151261
257 116 0.04013605
257 204 0.04980580
257 500 0.04561459
257 696 0.03867082
258 274 0.08885098
258 278 0.06537931
258 290 0.07182715
258 302 0.27985482
258 332 0.05248194
258 337 0.17682226
258 650 0.06812768
259 250 0.04485905
259 302 0.10802727
259 303 0.12355319
259 371 0.04153921
259 477 0.03886062
260 254 0.06694793
260 281 0.05831070
260 314 0.07224908
260 352 0.08296615
260 356 0.07140978
260 357 0.05904184
260 375 0.06150308
260 429 0.07192306
261 275 0.06559442
261 290 0.07110077
261 296 0.07740381
261 308 0.10028101
261 311 0.09516975
261 317 0.06279754
261 324 0.09869732
261 338 0.08540020
261 363 0.07702225
261 369 0.09769104
262 205 0.06253660
262 214 0.07061262
262 252 0.05528536
262 255 0.10520702
262 263 0.07134452
262 272 0.07285956
262 278 0.06683099
262 295 0.13108341
262 318 0.09861724
262 322 0.06904366
262 334 0.07943212
262 359 0.09105914
263 266 0.12460274
263 339 0.11801135
263 344 0.07768128
263 348 0.09719292
263 349 0.12336754
264 205 0.05648725
264 251 0.07688905
264 252 0.35187176
264 263 0.12618634
264 298 0.10605677
264 320 0.06462734
264 322 0.08935820
264 330 0.07253491
264 353 0.07452487
264 357 0.12638078
265 205 0.03983255
265 263 0.06904088
265 282 0.05188900
265 298 0.07599771
265 357 0.09532853
265 698 0.05538639
266 253 0.06414828
266 308 0.06595112
266 318 0.07052928
266 427 0.16859486
266 454 0.06262203
267 254 0.10476907
267 275 0.06607605
267 291 0.07210937
267 293 0.15646897
267 300 0.07455514
267 308 0.07758178
267 310 0.05945163
267 311 0.13693045
267 319 0.06733857
267 322 0.09613608
267 328 0.11266365
267 330 0.08018946
267 331 0.06476453
267 338 0.13899005
267 350 0.09046883
267 353 0.09824267
267 362 0.05152123
267 367 0.06035191
267 370 0.10831589
267 652 0.08477142
268 4 0.12114980
268 125 0.10998895
268 212 0.05390191
268 229 0.10648093
268 340 0.13685864
268 347 0.04071379
268 349 0.14007522
268 362 0.05955248
268 734 0.05240731
269 251 0.52339721
269 283 0.19980568
269 291 0.07572284
269 320 0.13379820
269 337 0.13251275
269 344 0.15256853
269 724 0.04693549
270 171 0.07517716
270 268 0.12884064
270 313 0.14422809
270 336 0.07194562
270 340 0.13414235
270 354 0.13966146
270 360 0.16393088
271 275 0.09685710
271 287 0.14657221
271 292 0.06216541
271 296 0.12978438
271 297 0.32903102
271 299 0.19106514
271 349 0.14167037
272 191 0.04366473
272 293 0.32984809
272 308 0.06587648
272 309 0.08623147
272 312 0.06252089
272 314 0.08252288
272 338 0.12564222
272 358 0.04184613
272 365 0.08470824
273 284 0.07516283
273 325 0.29921184
273 486 0.05153085
273 569 0.05124845
273 602 0.05489888
274 96 0.07929558
274 251 0.32986047
274 256 0.10329015
274 261 0.09924767
274 323 0.05344379
274 349 0.09899931
274 366 0.06361387
275 213 0.08474166
275 253 0.21519214
275 254 0.06314120
275 512 0.07900832
275 523 0.07492562
276 191 0.04139628
276 259 0.11314420
276 278 0.06016286
276 322 0.11671561
276 351 0.06094053
276 358 0.08836013
277 259 0.09269265
277 271 0.09153857
277 291 0.05648306
277 328 0.08467077
277 333 0.10809181
277 343 0.11465043
277 358 0.06971893
278 259 0.08539147
278 270 0.12395821
278 287 1.00000000
278 299 0.12881152
278 305 0.08160435
278 307 0.09042971
278 315 0.07642919
278 318 0.08646053
278 358 0.06048968
279 291 0.06478046
279 299 0.06294146
279 338 0.07378898
279 359 0.06137160
279 698 0.05943696
280 257 0.12831034
280 272 0.20811166
280 293 0.04268591
280 338 0.04906174
280 367 0.10644389
281 300 0.06175840
281 306 0.39605402
281 366 0.38783544
281 596 0.08982436
281 680 0.05180542
282 44 0.08299258
282 171 0.10285917
282 254 0.09671569
282 268 0.19719010
282 313 0.35006943
282 317 0.04913325
282 343 0.18040823
282 351 0.07540319
282 354 0.12545507
282 523 0.08992252
283 257 0.07229641
283 259 0.06860099
283 260 0.06709179
283 265 0.06790082
283 270 0.11439543
283 271 0.13697279
283 273 0.35727908
283 285 0.12624029
283 289 0.06603079
283 291 0.05958988
283 305 0.08547717
283 315 0.10974562
283 327 0.07203222
283 353 0.09063606
283 356 0.08419379
283 369 0.08905597
284 257 0.06435020
284 270 0.16991116
284 287 0.28141367
284 299 0.19122523
284 305 0.07237618
284 315 0.47319204
284 344 0.10796418
284 351 0.09337660
284 365 0.12491184
285 251 0.08659054
285 262 0.33584345
285 298 0.07424660
285 330 0.07421464
285 331 0.15711820
285 338 0.08391561
285 373 0.60114864
285 451 0.07908578
286 136 0.07602144
286 169 0.05451396
286 303 0.10551508
286 304 0.14708287
286 305 0.19678291
286 314 0.12437014
286 316 0.08687463
286 323 0.05205425
287 155 0.08364883
287 228 0.08632536
287 286 0.12941410
287 356 0.16932757
287 363 0.12562239
287 369 0.10339165
288 70 0.07209141
288 270 0.05269232
288 315 0.05538748
288 341 0.04586088
288 373 0.06337955
288 493 0.07022220
289 149 0.07632745
289 282 0.13694998
289 302 0.09955084
289 319 0.06099541
289 326 0.11254896
289 361 0.10380977
289 370 0.11463939
289 428 0.08888086
290 206 0.07772778
290 264 0.06952508
290 271 0.24734165
290 306 0.40054361
290 366 0.39635443
291 268 0.42861427
291 313 0.35964920
291 343 0.18215733
291 354 0.36366746
291 431 0.08614876
292 152 0.07192627
292 271 0.06740224
292 273 0.05146284
292 307 0.05521333
292 327 1.00000000
292 371 0.11018568
292 533 0.06671503
293 283 0.06610115
293 294 0.07417329
293 324 0.13002173
293 337 0.07162339
293 381 0.07037812
294 153 0.04566481
294 251 0.06182909
294 306 0.37967142
294 366 1.00000000
294 647 0.05221565
295 266 0.20684488
295 267 0.06567383
295 295 0.57267074
295 329 0.09538200
295 339 0.11576502
295 348 0.16494721
295 349 0.19480455
295 365 0.09287563
296 289 0.05463429
296 297 0.08714511
296 340 0.15145089
296 352 0.16973127
296 360 0.16730152
296 373 0.07987966
297 251 0.06880918
297 256 0.47175564
297 278 0.12835044
297 298 0.08875804
297 309 0.10315295
297 342 0.23446918
297 365 0.25887593
297 698 0.08994259
298 279 0.39734720
298 338 0.06897136
298 350 0.06095331
298 488 0.06917413
298 741 0.05933167
299 261 0.53609407
299 279 0.12193922
299 288 0.15942216
299 301 0.04329327
299 306 0.13156049
299 328 0.16162503
299 372 0.12801541
300 257 0.05412156
300 264 0.06661387
300 266 0.11804987
300 270 0.10530765
300 285 0.09868467
300 287 0.09666280
300 305 0.46048502
300 315 0.09569868
300 318 0.07000660
300 348 0.10624431
300 349 0.12064818
300 563 0.09249488
301 407 0.06490050
301 445 0.06751340
301 456 0.18572743
301 469 0.15309300
301 498 0.08479602
302 385 0.08799653
302 395 0.08358472
302 400 0.25409012
302 411 0.05742341
302 415 0.08376054
302 416 0.18737926
302 418 0.09112413
302 434 0.11917443
302 444 0.13861815
302 455 0.38911872
302 459 0.12378973
302 472 0.04488667
302 486 0.09819649
302 492 0.26879383
302 563 0.08775057
303 392 0.06562137
303 414 0.10524688
303 420 0.12163664
303 431 0.10571463
303 441 0.18262491
303 446 0.47177882
303 466 1.00000000
303 478 0.58392813
303 484 0.15050525
304 160 0.07950308
304 223 0.07439923
304 335 0.04798486
304 395 0.08525123
304 400 0.34175145
304 416 0.28183692
304 419 0.10547100
304 423 0.10049670
304 434 0.13880389
304 437 0.11050413
304 443 0.21927819
304 455 0.11918746
304 496 0.16884557
305 186 0.07634014
305 386 0.06800309
305 390 0.07552025
305 401 0.07406424
305 445 0.07957899
305 476 0.08641431
306 384 0.09567254
306 388 0.07883879
306 430 0.09732251
306 438 0.07616317
306 472 0.08750639
307 161 0.07136257
307 412 0.06551787
307 424 0.11299173
307 449 0.11773723
307 459 0.10212860
307 460 0.08773144
307 463 0.07290249
307 487 0.10059980
307 565 0.09569564
308 58 0.07426244
308 390 0.27036838
308 405 0.10849545
308 409 0.11760877
308 432 0.28801587
308 443 0.13728910
308 449 0.15853489
308 457 0.15534296
308 469 0.11109491
308 492 0.07102897
309 377 0.12876481
309 416 0.09626284
309 432 0.08369693
309 434 0.10631878
309 449 0.11017292
309 483 0.17196700
310 395 0.09479725
310 400 0.48332576
310 415 0.09541500
310 416 0.49351531
310 434 0.16183641
310 443 0.23904118
310 454 0.09495731
310 477 0.39128743
310 494 0.08038980
311 350 0.06532668
311 376 0.07208575
311 401 0.07562391
311 487 0.10153705
311 488 0.07553910
312 151 0.04714820
312 438 0.11485118
312 441 0.19949507
312 446 0.43715252
312 466 0.43472221
312 478 0.62614025
313 19 0.06379884
313 387 1.00000000
313 454 0.10641118
313 464 0.13709030
313 490 0.10806708
313 497 0.10934137
313 539 0.08114328
314 410 0.13910152
314 435 0.09293349
314 468 0.16824425
314 482 0.15436548
314 491 0.14687920
315 389 0.09051754
315 409 0.10639899
315 428 0.10893157
315 433 0.32818593
315 445 0.09490108
315 448 0.02708591
315 449 0.09977895
315 452 0.38959234
315 486 0.09518315
315 534 0.07588309
316 383 0.07456599
316 403 0.15196119
316 405 0.07282431
316 410 0.14694054
316 418 0.07290178
317 389 0.16088591
317 394 0.07102759
317 398 0.14388984
317 414 1.00000000
317 420 0.08901068
317 431 0.10379394
317 445 0.11289943
317 446 0.12708010
317 466 0.10524688
317 486 0.18655787
317 497 0.17460228
318 364 0.06052241
318 390 0.11164438
318 394 0.07844821
318 409 0.11461012
318 421 0.11695863
318 465 0.10997801
318 487 0.09954859
318 493 0.12940093
318 496 0.13057856
319 416 0.08933582
319 452 0.08356900
319 455 0.11658509
319 489 0.09301666
319 492 0.08794240
319 629 0.08610003
320 381 0.10676919
320 408 0.08373007
320 410 0.18395025
320 435 0.32253171
320 442 0.13911440
320 449 0.19598612
320 459 0.14453787
320 460 0.09235286
320 482 0.15126844
320 484 0.11551298
321 377 0.10484929
321 407 0.11405454
321 444 0.06812087
321 483 1.00000000
321 497 0.07705248
322 402 0.14367931
322 426 0.08732160
322 441 0.14605931
322 447 0.15866816
322 456 0.08571420
322 469 0.15125628
322 493 0.09616296
322 496 0.11658970
322 498 0.13266372
322 735 0.04675503
323 402 0.12920936
323 435 0.13255071
323 458 0.09854764
323 468 0.12587789
323 481 0.13924827
323 489 0.11977815
323 495 0.04630312
324 191 0.08747133
324 406 0.07532156
324 407 0.08834323
324 423 0.10353761
324 429 0.12943733
324 440 0.29850576
324 450 0.11239144
324 473 0.06849462
325 378 0.06776947
325 379 0.07203197
325 388 0.08041771
325 395 0.10664401
325 405 0.14161711
325 419 0.11867686
325 444 0.11550809
325 460 0.08329857
325 462 0.16029770
325 471 0.10692531
325 475 0.55406217
325 476 0.09530649
325 479 0.08707197
325 480 0.09483377
325 483 0.06569323
325 575 0.04631626
326 56 0.06911102
326 253 0.08114030
326 316 0.06366641
326 392 0.06906764
326 414 0.10981454
326 420 0.14070772
326 431 0.15511830
326 446 0.11700055
326 454 0.11503735
326 457 0.15519097
326 497 0.09979973
327 27 0.14151116
327 379 0.08070098
327 383 0.11491870
327 411 0.10199514
327 440 0.11432880
327 449 0.11929576
328 380 0.12287286
328 390 0.12837706
328 447 0.13936466
328 457 0.17336718
328 464 0.13834232
328 490 0.12423641
328 491 0.07488028
329 381 0.40504115
329 426 0.24636517
329 441 0.18401574
329 453 0.10219168
329 461 0.38150352
329 484 0.32319975
329 485 0.27154069
329 498 0.11237007
330 222 0.09079184
330 402 0.15139793
330 406 0.09869066
330 417 0.19023927
330 436 0.08389197
330 463 0.10671340
330 483 0.08500965
331 383 0.16172680
331 389 0.08724289
331 391 0.08053272
331 398 0.08800080
331 399 0.04491418
331 407 0.16882090
331 419 0.11147793
331 430 0.09421554
331 449 0.11082645
331 480 0.11258329
331 491 0.10155101
332 384 0.30641931
332 413 1.00000000
332 425 0.13966217
332 448 0.09126857
332 472 0.07038208
332 495 0.26484576
333 390 0.06610758
333 404 0.54282001
333 416 0.26386590
333 443 0.21613641
333 527 0.06349087
334 345 0.05936729
334 389 0.14235786
334 398 0.09683245
334 404 0.06505173
334 410 0.13080301
334 413 0.06058357
334 414 0.16630028
334 445 0.10583653
334 452 0.09788253
334 458 0.07539471
334 470 0.08185801
334 486 0.34848478
334 494 0.08857800
334 497 0.11944688
335 83 0.03883924
335 386 0.18693991
335 430 0.27317694
335 443 0.09747725
335 477 0.09767122
335 490 0.09660371
336 377 0.11396244
336 397 0.09464769
336 402 0.19287582
336 435 0.19390540
336 468 0.15701942
336 481 0.13499835
336 489 0.14296141
336 652 0.05807622
337 380 0.14378395
337 384 0.14888927
337 426 0.09575293
337 437 0.13447398
337 439 0.10558110
337 456 0.21250512
337 461 0.21463425
337 469 0.25119707
337 470 0.08166753
337 487 0.10285368
337 490 0.12926435
337 498 0.33007887
338 19 0.07019006
338 268 0.06354748
338 350 0.08876905
338 380 0.11293075
338 412 0.12315463
338 429 0.08197782
338 465 0.07126189
338 487 1.00000000
338 488 0.08873206
338 670 0.04622857
339 386 0.07512029
339 397 0.07767233
339 410 0.12386777
339 422 0.55559630
339 434 0.11783671
339 443 0.10550609
339 449 0.09940036
340 376 0.10797111
340 382 0.09167555
340 386 0.14800208
340 390 0.11338729
340 401 0.08694663
340 408 0.10387357
340 443 0.11735175
340 445 0.11352618
340 519 0.06866910
341 381 0.09387826
341 397 0.08225364
341 402 0.21375356
341 410 0.14734893
341 435 0.18202940
341 468 0.15749196
341 489 0.11408438
342 376 0.13322707
342 382 0.08976561
342 390 0.13705147
342 393 0.07667352
342 400 0.25844900
342 401 0.09207703
342 409 0.13596386
342 413 0.04450717
342 416 0.27127981
342 434 0.13376083
342 442 0.12667629
342 445 0.17312202
342 447 0.16690793
342 453 0.12947676
342 454 0.12633894
342 455 0.36693698
342 456 0.08752640
342 464 0.13333179
342 472 0.05478150
342 474 0.07333550
342 477 0.14656588
342 492 0.28616771
342 497 0.08889607
342 499 0.05919670
343 169 0.07186194
343 379 0.06093736
343 383 0.10692115
343 384 0.11218681
343 389 0.08422865
343 398 0.07980512
343 402 0.13225143
343 405 0.09327317
343 413 0.05872074
343 419 0.10095786
343 433 0.08576486
343 437 0.13843387
343 439 0.23605520
343 444 0.13039088
343 459 0.11960655
343 464 0.13405797
343 467 0.15696132
343 475 0.09886264
343 490 0.11887351
343 494 0.08383059
344 382 0.09137191
344 390 0.13528411
344 402 0.16872740
344 410 0.15691826
344 421 0.12828986
344 435 0.23806024
344 489 0.12092109
345 384 0.09752206
345 416 0.15086311
345 461 0.40333828
345 485 0.33253828
345 498 0.16801591
346 162 0.07580549
346 200 0.06885458
346 224 0.09883129
346 266 0.14020296
346 288 0.08931573
346 290 0.07332629
346 462 0.08754443
346 540 0.07603202
346 551 0.11452058
346 558 0.11609040
346 673 0.08708761
347 29 0.09266968
347 406 0.10664444
347 407 0.11197324
347 449 0.09476507
347 450 1.00000000
347 499 0.17746915
347 682 0.02730846
348 26 0.12286830
348 438 0.48269824
348 446 0.09772578
348 466 0.07369038
348 478 0.11450576
349 451 0.65124709
349 474 0.10664022
349 479 0.17992646
349 534 0.09981868
349 645 0.07322882
350 136 0.05679386
350 229 0.17655295
350 427 0.05438051
350 429 0.10608707
350 453 0.12095962
350 456 0.07350360
350 498 0.14877284
350 734 0.12090718
350 735 0.05184243
351 403 0.12351860
351 410 0.22945412
351 418 0.09133489
351 432 0.08141487
351 440 0.10963520
351 449 0.12412637
351 451 0.10487322
351 470 0.06726436
351 473 0.09179577
351 474 0.10677733
351 479 0.17521614
351 481 0.20299878
351 486 0.12561603
352 376 0.09915845
352 387 0.07341286
352 400 0.13461595
352 417 0.08913783
352 422 0.26321940
352 434 0.40913501
352 449 0.12027616
352 475 0.09666891
352 480 0.21193429
352 488 0.11830955
353 202 0.06668847
353 400 0.20612211
353 415 0.08838659
353 416 0.47870038
353 430 0.08501403
353 461 0.21973128
353 477 0.31613819
353 485 0.15496866
354 378 0.07129257
354 385 0.14031345
354 388 0.09369340
354 411 0.04980817
354 419 0.09537895
354 423 0.15721321
354 444 0.15276927
354 449 0.16087663
354 459 0.13910002
354 460 0.11029852
354 475 0.14363112
354 480 0.09525485
355 377 0.12776755
355 402 0.16603248
355 410 0.17865378
355 421 0.13230123
355 422 0.07739953
355 435 0.16620259
355 468 0.16329913
355 476 0.12155106
355 481 0.33775625
355 489 0.13349778
356 117 0.07628148
356 380 0.12795005
356 410 0.08935183
356 449 0.08395385
356 487 0.08230297
356 499 0.04286388
357 83 0.04228458
357 377 0.16009010
357 388 0.07205217
357 401 0.08437314
357 402 0.21610929
357 410 0.24070743
357 424 0.07981612
357 435 0.18734393
357 467 0.12817124
357 468 0.22283551
357 481 0.18534108
357 483 0.06886918
357 489 0.16950054
358 376 0.05186653
358 393 0.32007861
358 430 0.05105935
358 441 0.05018698
358 445 0.05877093
358 448 0.02697738
359 116 0.07092598
359 433 0.10493266
359 449 0.08360236
359 459 0.09983228
359 464 0.08288621
359 471 0.26367821
360 402 0.12192502
360 403 0.12158244
360 405 0.09680740
360 409 0.24571415
360 418 0.10047438
360 421 0.18037479
360 422 0.08339147
360 442 0.07998100
360 447 0.13026495
360 458 0.10089752
360 465 0.10653635
360 476 0.10746768
360 493 0.08694912
360 496 0.13113053
361 383 0.10156721
361 440 0.09759777
361 447 0.12836365
361 449 0.09783289
361 468 0.12910380
362 169 0.06046332
362 424 0.07714726
362 429 0.08160984
362 435 0.08361739
362 443 0.09664915
362 444 0.11383023
362 459 0.11289096
362 470 0.06707247
362 475 0.09542451
362 652 0.06767780
363 302 0.07167532
363 398 0.05731562
363 421 0.20119786
363 476 0.17019097
363 481 0.18385487
363 575 0.04231866
364 40 0.07721745
364 165 0.06970776
364 390 0.08630439
364 404 0.24603660
364 416 0.29258051
364 443 0.26082491
365 394 0.11349653
365 395 0.10665288
365 398 0.07581712
365 411 0.05383132
365 414 0.09106351
365 421 0.11636323
365 428 0.07384068
365 458 0.07652767
365 471 0.18585229
365 476 0.12306198
365 481 0.12370700
365 500 0.06382311
366 387 0.07098427
366 390 0.09991513
366 394 0.09736354
366 403 0.11960078
366 408 0.07482376
366 433 0.07824810
366 449 0.10896306
366 458 0.07583447
366 471 1.00000000
366 488 0.09361964
366 500 0.08390470
367 11 0.07425767
367 26 0.16165936
367 410 0.31883586
367 432 0.08732795
367 481 0.27583126
367 487 0.09105467
367 488 0.09341650
367 746 0.05049205
368 403 0.09144594
368 410 0.08948007
368 444 0.06798047
368 449 0.07722030
368 474 0.06874000
369 385 0.10075843
369 406 0.07367592
369 407 0.22599485
369 417 0.13566837
369 423 0.19198794
369 424 0.10441447
369 436 0.06130733
369 444 0.13118395
369 449 0.13470388
369 450 0.12022920
369 499 0.07686662
369 534 0.12449939
370 262 0.21272034
370 331 0.13233261
370 373 0.17264117
370 451 0.17128866
370 474 0.08180761
370 479 0.12852714
371 387 0.09427490
371 392 0.07827043
371 394 0.07318486
371 420 0.12462472
371 431 0.10875919
371 444 0.11058109
371 452 0.08209172
371 455 0.11095681
371 459 0.09927269
372 332 0.04809357
372 402 0.14520482
372 410 0.14514576
372 435 0.13245285
372 468 0.11411181
372 481 0.14110283
373 446 0.14378815
373 464 0.09912958
373 466 0.12393559
373 478 0.18706709
373 488 0.12071219
374 382 0.11814716
374 388 0.07841161
374 397 0.08241193
374 402 0.19285019
374 410 0.17866339
374 435 0.19761846
374 468 0.14183289
375 252 0.04537281
375 378 0.13648043
375 403 0.13796011
375 405 0.08882784
375 408 0.10867654
375 409 0.15224882
375 421 0.13578474
375 422 0.08698367
375 425 0.03060017
375 429 0.07889648
375 437 0.11246970
375 439 0.10007918
375 440 0.09936003
375 442 0.07642357
375 447 0.14825460
375 465 0.10938320
375 471 0.12340543
375 473 0.07549259
375 475 0.20009179
375 485 0.14973740
375 496 0.14463859
375 575 0.06692695
376 381 0.30531515
376 426 0.21135838
376 441 0.16407330
376 443 0.07287503
376 448 0.02597993
376 484 0.20021580
377 386 1.00000000
377 430 0.06082389
377 443 0.06671763
377 492 0.07076102
377 633 0.05943372
378 400 0.08267244
378 410 0.07847387
378 444 0.07946872
378 455 0.07013054
378 479 0.09855873
379 383 0.10149667
379 434 0.08476972
379 440 0.09034509
379 449 0.08414927
379 459 0.09394409
380 404 0.07253413
380 406 0.07750850
380 417 0.08970958
380 459 0.08250143
380 464 0.09336266
380 482 0.10375269
380 490 0.09430779
380 539 0.06686289
381 26 0.14123573
381 410 0.08113645
381 457 0.08711704
381 482 0.17029060
381 491 0.34110482
382 380 0.11356686
382 384 0.11143237
382 387 0.07378812
382 397 0.07165766
382 437 0.12640555
382 439 0.12306790
382 453 0.12983769
382 457 0.15131401
382 461 0.15996344
382 465 0.07437565
382 467 0.11402896
382 482 0.13924029
382 485 0.14505276
382 490 0.11308784
382 491 0.23848662
383 292 0.08531555
383 332 0.07539504
383 417 0.08352578
383 445 0.07200606
383 500 0.12419666
384 376 0.09818062
384 400 0.33325642
384 402 0.14469365
384 413 0.04549455
384 415 0.10248805
384 416 0.26532862
384 443 0.21046834
384 454 0.11866524
384 467 0.11876333
384 477 0.30248739
384 494 0.09454248
385 87 0.05726423
385 161 0.08824672
385 350 0.11070869
385 401 0.09500052
385 412 0.07599251
385 425 0.02642654
385 436 0.11416151
385 462 0.10381522
385 480 0.12366293
385 488 1.00000000
385 496 0.11051682
386 11 0.06829273
386 26 0.12467210
386 382 0.10891557
386 390 0.35687709
386 393 0.06660024
386 400 0.13720969
386 403 0.13153351
386 408 0.13480519
386 415 0.08474819
386 418 0.10217410
386 449 0.13187909
386 463 0.08425552
386 493 0.09470346
386 500 0.06686718
386 734 0.05701006
387 256 0.06766381
387 430 0.08640261
387 436 0.06193359
387 439 0.10505107
387 447 0.12956213
387 464 0.20370621
387 469 0.12126371
387 485 0.11175989
387 490 0.18898054
388 262 0.06444869
388 331 0.06840825
388 385 0.11537514
388 391 0.08254396
388 407 0.21750519
388 417 0.13287948
388 423 0.19731963
388 424 0.10270347
388 444 0.14092599
388 449 0.15041587
388 450 0.11785333
388 451 0.14025880
388 460 0.08922808
388 499 0.06616778
388 534 0.10917360
389 15 0.06949790
389 205 0.04160855
389 217 0.06794144
389 381 0.06639079
389 393 0.09962914
389 454 0.06917874
390 136 0.05793087
390 153 0.03785883
390 385 0.08603939
390 392 0.07829462
390 407 0.10268716
390 416 0.11658848
390 420 0.11312290
390 431 0.11982220
390 462 0.08702211
390 494 0.08257262
390 734 0.09805592
391 58 0.07813532
391 117 0.09332694
391 449 0.09695432
391 463 0.09353516
391 565 0.11323459
391 627 0.10413628
392 381 0.29839381
392 384 0.13562430
392 393 0.05895053
392 426 0.30754720
392 441 0.17677491
392 453 0.13502807
392 461 0.21295121
392 470 0.06892037
392 484 0.18314356
392 485 0.14624430
393 410 0.10041165
393 433 0.37895174
393 438 0.05860775
393 444 0.08724587
393 449 0.08510170
393 452 0.24312547
394 56 0.05784773
394 79 0.04794464
394 385 0.05854771
394 427 0.06908790
394 453 0.05870577
395 72 0.14139567
395 99 0.06948789
395 165 0.06133294
395 166 0.07477465
395 309 0.07672084
395 560 0.07243145
396 390 0.09194773
396 477 0.11328731
396 487 0.07755789
396 489 0.16043238
396 493 0.07260343
397 402 0.07374213
397 410 0.09178601
397 435 0.09175146
397 468 0.10986785
397 481 0.06989530
398 390 0.16348519
398 447 0.13828922
398 457 0.19321599
398 463 0.08090539
398 467 0.11156555
398 468 0.11530950
398 482 0.10928166
399 92 0.06931899
399 442 0.11073867
399 449 0.10927078
399 459 0.11819957
399 473 0.06749112
399 482 0.10636399
399 721 0.10176756
400 376 0.08366124
400 383 0.09450318
400 403 0.09794921
400 418 1.00000000
400 419 0.08702957
400 449 0.12258126
401 22 0.12636032
401 60 0.11531118
401 77 0.12346428
401 537 0.08582252
401 548 0.12542262
401 596 0.19146550
401 613 0.60500466
401 625 0.09099780
401 641 0.08885906
401 721 0.09132710
402 150 0.06205890
402 516 0.08877297
402 525 0.08787767
402 550 0.55522334
402 600 0.08686484
402 614 0.07420298
403 508 0.22009630
403 535 0.07255818
403 555 0.06664728
403 561 0.08636501
403 572 0.09954737
403 574 0.10389372
403 577 0.22242195
403 590 0.09756528
404 72 0.05405370
404 374 0.05968631
404 519 1.00000000
404 565 0.07260253
404 578 0.09733713
404 602 0.08385376
404 657 0.07236965
405 530 0.11334708
405 537 0.08514141
405 548 0.23586660
405 567 0.07085471
405 577 0.11320553
405 596 0.10531347
405 610 0.11308098
405 613 0.27759380
406 18 0.23741245
406 165 0.06067155
406 527 0.29590732
406 549 0.08058780
406 604 0.10138784
407 16 0.07681120
407 363 0.07191538
407 502 0.31089365
407 567 0.06607427
407 572 1.00000000
407 606 0.14994192
407 609 0.14339717
407 616 0.27640025
407 621 0.08788610
408 4 0.07725693
408 159 0.05300719
408 529 0.07543941
408 541 0.07828413
408 548 0.30573575
408 613 0.30461357
409 542 0.23925863
409 556 0.23446447
409 585 0.14521405
409 610 0.12013117
409 700 0.11549181
409 742 0.15753957
410 77 0.14375744
410 277 0.05932926
410 506 0.09775735
410 514 1.00000000
410 526 0.14179421
410 604 0.12307289
410 617 0.14467213
410 674 0.05701934
411 11 0.06718694
411 49 0.13697952
411 117 0.15284111
411 125 0.07795603
411 219 0.07730060
411 268 0.06695944
411 313 0.06854909
411 327 0.06476289
411 378 0.06482550
411 517 0.06749995
411 529 0.16493095
411 533 0.12879033
411 541 0.09214768
411 547 0.12636354
411 552 0.12762935
411 553 0.10957053
411 554 0.13533437
411 555 0.09342451
411 558 0.15270466
411 572 0.11228701
411 574 0.15244970
411 583 0.14943064
411 592 0.11645876
411 616 0.12254305
411 618 0.08932460
411 628 0.09542237
411 634 0.14268999
411 661 0.12977195
411 677 0.09692507
411 681 0.12365186
411 683 0.18482658
411 690 0.12063317
411 697 0.18316029
411 699 0.13065185
411 706 0.06343515
411 739 0.11215955
411 741 0.10096300
411 744 0.14564212
412 122 0.13644912
412 249 0.09891845
412 565 0.10048580
412 682 0.08861950
412 686 0.08849371
413 507 0.12176439
413 518 0.07558210
413 532 0.05125175
413 544 0.27115249
413 571 0.09924698
413 584 0.09616296
413 594 1.00000000
413 713 0.05796254
414 536 0.05329249
414 545 0.05057687
414 548 0.05363794
414 562 0.05245001
414 590 0.08475179
415 54 0.11741944
415 68 0.13787543
415 537 0.10053302
415 549 0.13743055
415 551 0.36167548
415 691 0.10045079
415 699 0.11732365
415 742 0.09627890
416 508 0.15917562
416 509 0.10611266
416 547 0.16411407
416 572 0.10077611
416 573 1.00000000
416 616 0.16178399
416 690 0.12627173
416 697 0.13080441
416 709 0.09260246
417 503 0.09194207
417 508 0.09059993
417 543 0.10592921
417 582 0.08510666
417 605 0.09668412
417 624 0.19176010
418 54 0.15007239
418 68 0.11882708
418 526 0.14169625
418 564 0.13384239
418 566 0.06930327
418 676 0.15367599
419 342 0.05938320
419 529 0.09902761
419 536 0.13821990
419 538 0.33887585
419 610 0.10070117
419 614 0.16040391
419 717 0.07054894
420 42 0.10089085
420 66 0.06163181
420 78 0.12713680
420 508 0.24859144
420 637 0.08659063
420 660 0.07993200
420 672 0.08806915
420 673 0.10726747
420 687 0.10484282
420 721 0.08628751
420 730 0.04648612
421 68 0.09173814
421 514 0.08664053
421 520 0.11312413
421 591 0.12165914
421 604 0.08650327
422 512 0.07722636
422 523 0.05612780
422 543 0.29554599
422 605 0.13389264
422 661 0.06719958
423 22 0.15209414
423 60 0.12446166
423 75 0.13334565
423 77 0.14333789
423 108 0.12256263
423 219 0.08822114
423 399 0.04742755
423 501 0.12799357
423 508 0.15108086
423 509 0.10004225
423 515 0.05288679
423 524 0.07718479
423 548 0.12847575
423 553 0.12953559
423 561 0.06877108
423 574 0.13637645
423 577 0.15497949
423 586 0.11106614
423 588 0.14205553
423 592 0.13569039
423 596 0.11876377
423 599 0.09088782
423 603 0.07744173
423 610 0.17859384
423 613 0.09838807
423 633 0.07718909
423 640 0.08099617
423 644 0.09802065
423 647 0.05254860
423 655 0.07733734
423 663 0.06166310
423 668 0.11131168
423 695 0.06611377
423 704 0.12238825
423 705 0.04139307
423 733 0.10199721
423 737 0.12086994
423 739 0.12665842
424 75 0.10831216
424 507 0.26983545
424 509 1.00000000
424 524 0.09771494
424 542 0.10713499
424 562 0.06667084
424 573 0.10611266
425 99 0.07766001
425 159 0.04961316
425 508 0.13050836
425 535 0.59175517
425 571 0.07218462
425 577 0.17450730
425 594 0.10205622
425 595 0.09480335
425 608 0.12080590
425 651 0.14895421
426 520 0.10754946
426 543 0.10620500
426 566 0.07986565
426 582 0.43701499
426 605 0.09395953
426 624 0.51506057
427 14 0.13701689
427 50 0.08210273
427 526 0.25569727
427 617 0.10222219
427 671 0.08765285
427 712 0.09276065
428 71 0.09697279
428 91 0.09347192
428 521 0.03958608
428 529 0.08742966
428 541 1.00000000
428 558 0.08459497
429 9 0.12367869
429 16 0.08191569
429 547 0.11745869
429 597 0.10683201
429 607 0.10737005
429 621 0.08633017
429 635 0.11591174
429 643 0.14240850
429 697 0.14074383
430 545 0.05211998
430 551 0.05342198
430 554 0.06301977
430 574 0.06118451
430 615 0.05999606
431 51 0.05876521
431 502 0.09190086
431 505 0.11530652
431 517 0.10811359
431 520 0.14888834
431 591 0.15015121
431 604 0.11548343
431 606 0.12259953
431 609 0.10071957
432 516 0.10862652
432 536 0.12091292
432 544 0.10739748
432 550 0.12111411
432 584 0.11605986
432 586 0.09809427
432 587 0.24878816
432 622 0.05085915
432 699 0.11713616
432 706 0.06234905
433 590 0.07638486
433 591 0.09661638
433 627 0.09685405
433 649 0.07777342
433 683 0.10300896
433 696 0.30652413
434 75 0.10418876
434 102 0.10170126
434 532 0.07114388
434 536 0.09353680
434 538 0.08162332
434 576 0.09532943
435 232 0.07512301
435 301 0.05734170
435 349 0.06391301
435 569 0.05773807
435 610 0.06059054
436 22 0.10696431
436 77 0.11959847
436 81 0.08672452
436 181 0.05146989
436 531 0.08922086
436 557 0.10513751
436 565 0.10311820
436 601 0.11369458
436 702 0.08631542
437 527 0.09675015
437 547 0.11087683
437 591 0.11460668
437 607 0.14731969
437 608 0.12143988
438 501 0.12785993
438 529 0.12349248
438 530 0.11329886
438 558 0.11137960
438 583 0.11342917
439 54 0.13031184
439 77 0.13038204
439 91 0.12887163
439 159 0.05099890
439 518 0.06141239
439 588 0.11475047
439 593 0.11715239
440 81 0.15106614
440 512 0.13576403
440 557 0.13688103
440 568 0.10758226
440 569 0.10920607
440 576 0.13404307
440 595 0.10357057
440 665 0.13796702
440 674 0.05848687
440 696 0.06471213
441 16 0.12143396
441 529 0.10219554
441 572 0.13378365
441 581 0.11289123
441 609 0.10574371
441 633 0.08564620
442 283 0.07331390
442 355 0.07000366
442 512 0.06410814
442 541 0.08171805
442 609 0.06951495
443 68 0.14402632
443 77 0.15327106
443 81 0.08417700
443 116 0.05729785
443 219 0.07508151
443 504 0.06694305
443 508 0.15354350
443 513 0.09276056
443 526 0.15449964
443 530 0.11818498
443 538 0.11428660
443 547 0.12727233
443 549 0.14095643
443 551 0.14320911
443 553 0.12649015
443 556 0.12185305
443 557 0.14463448
443 558 0.14591577
443 564 0.13915132
443 565 0.14109135
443 576 0.11836706
443 600 0.12827572
443 607 0.14094567
443 614 0.11516782
443 624 0.08960247
443 625 0.08439120
443 630 0.10126421
443 652 0.08054229
443 657 0.10397676
443 674 0.05968433
443 676 0.15966995
443 683 0.15254549
443 686 0.12513663
443 691 0.10855699
443 699 0.13495028
443 706 0.07629145
443 720 0.09278522
443 724 0.05186754
443 739 0.09812216
443 741 0.10686351
443 743 0.06611925
443 750 0.07585379
444 186 0.05749621
444 510 0.06521786
444 513 1.00000000
444 579 0.08814308
444 600 0.08899489
444 619 0.09334607
444 714 0.09589044
445 116 0.05469696
445 568 0.09010654
445 600 0.07449539
445 623 0.10612835
445 673 0.08013286
445 723 0.07676904
446 374 0.07485532
446 526 0.10232611
446 540 0.10043661
446 549 0.26350916
446 584 0.14483270
446 617 0.16460620
446 619 0.10996998
447 512 0.12350680
447 554 0.12577024
447 559 0.12869239
447 610 0.12700936
447 615 0.15593663
447 618 0.06724361
447 621 0.07932574
447 624 0.08690029
447 644 0.08627323
447 659 0.13276511
447 695 0.06481577
448 77 0.13409387
448 117 0.34153678
448 567 0.05580089
448 581 0.11943308
448 676 0.14036526
448 683 0.12760352
448 691 0.10212721
448 741 0.10333009
449 5 0.11189382
449 7 0.09457023
449 14 0.13374101
449 21 0.05671322
449 22 0.15216248
449 37 0.05514773
449 38 0.12382930
449 50 0.07803211
449 54 0.15474594
449 67 0.17600848
449 69 0.10608116
449 77 0.16906960
449 79 0.08091652
449 91 0.17372801
449 92 0.05293681
449 100 0.06288922
449 118 0.08481771
449 119 0.10104183
449 505 0.10427871
449 506 0.09738772
449 514 0.15663658
449 526 0.47267329
449 540 0.08680929
449 546 0.06926845
449 549 0.15197441
449 565 0.16411074
449 584 0.14184439
449 589 0.08561396
449 604 0.13608546
449 607 0.10929112
449 617 0.26715344
449 625 0.08555271
449 628 0.09986625
449 649 0.08027435
449 680 0.13565310
450 79 0.07436851
450 404 0.06376227
450 514 0.14882701
450 610 0.20438048
450 617 0.07061853
451 501 1.00000000
451 502 0.08531259
451 517 0.08754200
451 528 0.12541997
451 535 0.10005567
451 548 0.11765525
451 578 0.13437464
451 589 0.09733706
451 592 0.17502132
451 597 0.11236169
451 598 0.10516433
451 610 0.14498077
451 611 0.06081404
451 640 0.09845616
452 503 0.10194612
452 520 0.14125561
452 541 0.09312579
452 582 0.10528926
452 605 0.12258823
452 624 0.13958508
453 507 0.10388373
453 508 0.10879481
453 509 0.09513480
453 583 0.09962231
453 593 0.10540848
453 650 0.06384622
453 662 0.12639887
454 14 0.19216869
454 50 0.20947469
454 567 0.06255128
454 584 0.08400355
454 662 0.07883211
454 686 0.07586086
454 713 0.06319404
454 746 0.05683660
455 249 0.04709103
455 501 0.08031972
455 542 0.07657410
455 560 0.07741433
455 585 0.06793118
455 592 0.07077216
455 639 0.05688967
455 713 0.05077829
456 77 0.11690477
456 175 0.05744384
456 330 0.08807863
456 502 0.23425589
456 518 0.05628235
456 543 0.07727666
456 593 0.11479315
456 606 0.17287473
456 617 0.11879792
456 693 0.07446551
457 530 0.11380478
457 542 0.10946775
457 582 0.04987349
457 585 0.38619266
457 640 0.13224450
457 742 0.07177040
458 507 0.13865863
458 516 0.13462734
458 525 0.08366253
458 532 0.07990132
458 542 0.11735568
458 544 0.12596079
458 545 0.05328615
458 570 0.09908154
458 584 0.14440417
458 587 0.07537969
458 588 0.20198492
458 593 0.13132026
458 594 0.11460810
458 610 0.13875550
458 641 0.08984187
459 49 0.13812570
459 92 0.05476098
459 352 0.06608264
459 533 0.11037515
459 545 0.05314444
459 581 0.29740223
459 610 0.13443819
459 661 0.13239039
459 676 0.13267741
459 680 0.08867898
459 703 0.04320422
460 506 0.11186470
460 513 0.08989814
460 536 0.11320708
460 552 0.14106835
460 560 0.07331750
460 576 0.10894970
460 611 0.13514736
460 743 0.06196100
461 528 0.11794131
461 533 0.10295131
461 543 0.09726226
461 578 0.08577527
461 608 0.08591136
462 554 0.08515696
462 574 0.12385464
462 602 0.07445956
462 603 0.48300308
462 683 0.08733327
462 695 0.06287617
462 744 0.10584779
463 21 0.05497737
463 44 0.08774970
463 71 0.08621874
463 77 0.14445620
463 219 0.07505440
463 519 0.05322457
463 523 0.08945348
463 528 0.13599678
463 533 0.14153435
463 546 0.05871280
463 559 0.12421196
463 567 0.07739232
463 586 0.09909260
463 605 0.14346112
463 608 0.12432065
463 615 0.13988928
463 657 0.10567489
463 662 0.10323861
463 678 0.10258583
463 680 0.09653112
463 683 0.14276735
463 701 0.05771080
463 737 0.12097702
463 744 0.11101234
464 91 0.13859000
464 516 0.12138168
464 550 0.16880263
464 554 0.15237692
464 683 0.16608075
465 462 0.07451826
465 530 0.09084839
465 542 0.09914651
465 578 0.09514080
465 585 0.43878956
465 608 0.11072167
466 91 0.08550440
466 106 0.06608848
466 329 0.06094032
466 527 0.64583791
466 604 0.12811693
466 683 0.06660023
467 503 0.08413374
467 504 0.13282152
467 511 0.14461934
467 512 0.13936503
467 521 0.03687643
467 523 0.09158432
467 528 0.18691951
467 559 0.13356493
467 560 0.08536513
467 561 0.07893641
467 573 0.10820045
467 584 0.13364544
467 590 0.07813951
467 592 0.11312804
467 595 0.08847369
467 608 0.12944024
467 619 0.15345029
467 678 0.10759167
467 699 0.13412970
467 725 0.11646086
468 187 0.04762137
468 536 0.06413933
468 557 0.06584706
468 562 0.04824656
468 571 0.06231274
468 699 0.07004542
468 732 0.06627170
469 53 0.06723311
469 503 0.06557570
469 637 0.07022385
469 659 0.07339136
469 660 0.06602992
470 347 0.04463781
470 478 0.06715652
470 511 0.07945859
470 619 0.07916059
470 691 0.07880545
470 741 0.10188599
470 742 0.08102186
471 44 0.08210948
471 116 0.05502312
471 396 0.08545838
471 507 0.16904210
471 513 0.08317411
471 518 0.08713679
471 522 0.11197523
471 524 0.10748532
471 525 0.09860203
471 532 0.13306014
471 536 0.14660802
471 542 0.14443191
471 544 0.11470561
471 550 0.11910464
471 557 0.13204509
471 560 0.11088706
471 576 0.17942349
471 579 0.05771471
471 584 0.18542393
471 588 0.18298530
471 593 0.12448021
471 594 0.12011061
471 600 0.17271347
471 614 0.18165119
471 639 0.05790659
471 680 0.13268964
471 704 0.11696443
471 706 0.06916775
472 591 0.13884432
472 606 0.06623146
472 608 0.08219603
472 633 0.07336325
472 697 0.07004529
473 9 0.14357120
473 539 0.06995149
473 581 0.15202397
473 589 0.10989592
473 610 0.13113438
473 616 0.10541697
473 621 0.26123933
473 663 0.14744451
474 51 0.06153718
474 117 0.15784440
474 505 0.44103896
474 526 0.10843294
474 610 0.10999035
474 611 0.06819124
474 617 0.12048063
474 650 0.06399749
475 530 0.08302201
475 551 0.08113563
475 617 0.08431009
475 645 0.09340468
475 699 0.08990434
476 529 0.26045207
476 556 0.12458671
476 594 0.09863562
476 618 0.05349835
476 669 0.19628285
476 700 0.17765252
476 742 0.15666321
477 516 0.12931142
477 525 0.13213539
477 529 0.09567620
477 583 0.48404870
477 749 0.09459390
478 77 0.08623000
478 514 0.16505499
478 531 0.11026704
478 546 0.06198305
478 568 0.37140500
478 577 0.09482344
479 9 0.06070576
479 56 0.06656086
479 510 1.00000000
479 513 0.06521786
479 602 0.05675762
480 501 0.08644727
480 536 0.08991390
480 552 0.10232631
480 611 0.06783915
480 669 0.11394680
480 697 0.09249853
481 511 0.09253105
481 512 0.11961044
481 584 0.11379181
481 595 0.16658896
481 619 0.18084036
481 725 0.12317348
482 548 0.10781111
482 554 0.10552450
482 586 1.00000000
482 587 0.15669777
482 599 0.09074773
482 733 0.11766797
483 536 0.10489686
483 549 0.10997401
483 552 0.10383356
483 600 0.10136497
483 676 0.10286660
484 16 0.08417743
484 77 0.12485292
484 514 0.12992079
484 530 0.10432569
484 531 0.10147303
484 541 0.07920222
484 568 0.51771897
484 588 0.12068350
484 639 0.06224181
485 358 0.04588693
485 403 0.08668555
485 572 0.08154188
485 586 0.13579634
485 588 0.09198658
485 662 0.08837352
486 44 0.10447280
486 175 0.06397023
486 330 0.07322352
486 502 0.18875754
486 508 0.15354364
486 524 0.16958615
486 554 0.19164750
486 555 0.07280188
486 573 0.11776454
486 588 0.19306375
486 593 0.48773764
486 606 0.18501213
486 616 0.10628755
486 625 0.12201045
486 681 0.12586542
486 693 0.05694547
486 697 0.16462616
487 528 0.12193635
487 554 0.12282509
487 615 0.11181780
487 643 0.10419769
487 697 0.12365870
488 19 0.17627855
488 45 0.12675102
488 71 0.08148246
488 511 0.13352891
488 526 0.11740440
488 612 0.12371540
489 478 0.05510079
489 503 0.11648398
489 525 0.05713133
489 590 0.05618408
489 675 0.05753912
490 574 0.08992136
490 581 0.10290944
490 602 0.07794801
490 603 1.00000000
490 610 0.08930634
490 725 0.08609785
491 523 0.10988190
491 528 0.25802657
491 540 0.06810214
491 561 0.08301175
491 581 0.13761441
491 608 0.14990204
491 610 0.13079194
491 619 0.13579240
492 501 0.13751633
492 508 0.13658624
492 517 0.07808868
492 520 0.10156156
492 529 0.12552074
492 530 0.11970090
492 536 0.12065869
492 546 0.06256951
492 552 0.11880223
492 558 0.15238725
492 591 0.14729550
492 596 0.09289237
492 604 0.14273130
492 615 0.11690803
492 620 0.05355086
492 621 0.08722604
492 622 0.04796794
492 657 0.10584432
492 693 0.05199114
492 717 0.06729072
492 725 0.13489169
492 744 0.10383151
493 54 0.09594101
493 68 0.08045881
493 512 0.08264692
493 523 0.09032117
493 544 0.10351336
494 44 0.09291790
494 396 0.08849721
494 522 0.08598825
494 524 0.38000394
494 588 0.11080108
494 707 0.02720313
495 501 0.10005567
495 507 0.07431169
495 535 1.00000000
495 562 0.05747766
495 590 0.08653854
495 595 0.08015493
496 55 0.08545669
496 565 0.08622519
496 581 0.07854312
496 610 0.09734582
496 699 0.07945489
497 54 0.06849705
497 55 0.07126073
497 191 0.05172210
497 506 0.13566462
497 601 0.12987509
497 661 0.07363175
498 54 0.08324584
498 120 0.07693842
498 363 0.05791797
498 536 0.08164137
498 683 0.09774328
498 739 0.07686482
499 536 0.11444958
499 538 0.23094065
499 570 0.10786250
499 610 0.09471524
499 614 0.20762811
500 54 0.16028858
500 379 0.06813097
500 506 0.09849979
500 526 0.12827599
500 527 0.08806517
500 530 0.11802951
500 531 0.09389374
500 555 0.07232100
500 578 0.11720061
500 589 0.09118073
500 601 0.12405596
500 607 0.15922671
500 662 0.09886590
500 676 0.12800480
501 54 0.12385143
501 68 0.10585798
501 508 0.10724710
501 525 0.08722138
501 557 0.12277341
501 613 0.11283030
501 655 0.07285525
502 609 0.13649704
502 626 1.00000000
502 635 0.35638238
502 638 0.27796863
502 643 0.30766610
502 677 0.08951816
502 684 0.16080208
502 702 0.11764500
502 728 0.36051791
503 70 0.08491696
503 91 0.11197783
503 94 0.11786183
503 224 0.05321153
503 229 0.11030590
503 495 0.04976924
503 646 0.12146183
503 710 0.22349757
503 734 0.13798704
504 66 0.05606091
504 626 0.25190122
504 635 0.21822558
504 638 0.32763186
504 694 0.79572415
504 728 0.24755454
505 73 0.08321390
505 568 0.09706041
505 578 0.10129005
505 584 0.10721582
505 600 0.11933847
505 699 0.10648649
505 746 0.05478006
506 31 0.03246826
506 49 0.07967916
506 643 0.07247327
506 697 0.07322263
506 716 0.15555061
506 731 0.07301371
507 55 0.09266223
507 70 0.08063773
507 574 0.08812333
507 618 0.05848169
507 633 0.17624182
507 681 0.13293712
507 733 0.13306481
508 108 0.10283909
508 162 0.05280358
508 304 0.08564070
508 535 0.07039863
508 540 0.06784903
508 551 0.13872996
508 555 0.07658090
508 610 0.14544432
508 615 0.14734065
508 620 0.05836491
508 632 0.10159069
508 634 0.14868291
508 651 0.99538068
508 659 0.18143733
508 719 0.07587812
508 747 0.11334172
509 32 0.15919474
509 626 0.60787251
509 635 0.34132406
509 643 0.32777355
509 645 0.28693435
509 679 0.17737784
509 682 0.03815308
509 684 0.18547598
509 688 0.15114477
509 716 0.25007485
509 728 0.34104432
509 736 0.25981824
509 745 0.21935889
509 749 0.14591116
510 17 0.07748920
510 115 0.09384360
510 122 0.08310470
510 125 0.08372750
510 711 0.07143276
510 726 0.10989607
511 34 0.16591408
511 71 0.06615157
511 354 0.07347980
511 612 0.06579768
511 630 0.09351794
511 637 0.09886384
511 645 0.18840028
511 660 0.09027418
511 672 0.11251715
511 673 0.08754389
511 677 0.16918364
511 679 0.14330593
511 684 0.15795970
511 687 0.13219118
511 695 0.06546698
511 698 0.10834316
511 731 0.13653871
511 732 0.11474648
511 736 0.20836699
512 547 0.11492145
512 581 0.07591665
512 608 0.08738356
512 634 0.07164009
512 683 0.07426892
513 22 0.07013091
513 117 0.06604530
513 521 0.03082488
513 576 0.08020666
513 665 0.09420003
513 687 0.07119953
513 696 0.05466695
514 8 0.08825723
514 76 0.08875860
514 511 0.10357737
514 513 0.09589044
514 579 0.06316993
514 714 1.00000000
515 159 0.05803672
515 626 0.33180318
515 635 0.27610973
515 643 0.24424414
515 694 0.80425740
515 728 0.30228433
516 51 0.05697331
516 58 0.10207401
516 219 0.07490041
516 375 0.05396347
516 504 0.07681582
516 532 0.08808787
516 534 0.07772885
516 560 0.08158063
516 595 0.09336700
516 619 0.13980379
516 676 0.13102867
516 683 0.12646521
516 700 0.07918432
516 704 0.20093161
516 725 0.12999732
517 22 0.14454008
517 77 0.11913193
517 81 0.09105862
517 651 0.12560292
517 665 0.10910699
517 675 0.09809178
517 676 0.20059926
517 702 0.08987423
517 712 0.15816269
518 42 0.06391624
518 654 0.10242750
518 660 0.08038929
518 672 0.09734542
518 673 0.08862104
518 677 0.10344054
518 718 0.12439502
518 721 0.11147836
518 731 1.00000000
518 738 0.25107651
518 740 0.11035599
519 599 0.09490001
519 687 0.06214720
519 704 0.08675798
519 720 0.42744550
519 743 0.06871913
520 66 0.04959679
520 280 0.05865060
520 557 0.09638803
520 564 0.10090286
520 582 0.04992907
520 626 0.11959834
520 679 0.09600900
520 694 0.23607591
521 56 0.06544647
521 58 0.08174987
521 523 0.06245348
521 675 0.05939806
521 707 0.07173676
522 38 0.08959796
522 97 0.08801414
522 106 0.13585533
522 549 0.09741818
522 668 0.10411055
523 39 0.07465303
523 125 0.07365792
523 258 0.05969666
523 391 0.08594347
523 528 0.13956069
523 533 0.11778462
523 538 0.11168397
523 547 0.13400679
523 552 0.11868590
523 558 0.15018973
523 565 0.14927256
523 574 0.13545024
523 581 0.13748041
523 591 0.11605555
523 597 0.13494852
523 604 0.13230558
523 608 0.17023975
523 628 0.09639502
523 649 0.07588590
523 664 0.04785965
523 666 0.04861612
523 676 0.17233594
523 678 0.11905943
523 683 1.00000000
523 690 0.16976992
523 691 0.09185687
523 699 0.13468423
523 708 0.30982106
523 722 0.07025942
523 744 0.11989499
523 749 0.26553758
524 553 0.11066870
524 588 0.13571594
524 610 0.13676312
524 651 0.19867121
524 654 0.08059443
524 659 0.80412116
524 678 0.10800381
524 747 0.30716626
525 56 0.08245490
525 396 0.07951528
525 526 0.10453717
525 539 0.04944111
525 552 0.08482985
525 617 0.08214701
525 661 0.08628834
525 719 0.06052181
526 27 0.03991360
526 410 0.04286710
526 632 0.04306335
526 637 0.03722595
526 670 0.04367954
527 10 0.19132748
527 34 0.39378750
527 636 0.22395584
527 642 0.16748794
527 645 0.39187622
527 679 0.27422745
527 684 0.20693829
527 688 0.14956705
527 692 0.22569192
527 716 0.25370167
527 736 0.40386844
527 745 0.40092519
527 748 0.26830390
527 749 0.16608253
528 283 0.08006645
528 348 0.07332720
528 606 0.06231908
528 666 0.05718866
528 681 0.09262565
528 687 0.06091704
529 510 0.05436339
529 610 0.10525626
529 641 1.00000000
529 648 0.12503240
529 655 0.11570855
529 727 0.36003015
529 747 0.09992779
530 4 0.09577823
530 107 0.10890622
530 651 0.09073648
530 665 0.12838556
530 671 0.08901361
531 565 0.10201005
531 610 0.10335426
531 676 0.36277038
531 698 0.08763733
531 705 0.03577097
531 714 0.13142107
531 737 0.34090260
532 651 0.09171470
532 658 0.32953058
532 715 0.25915548
532 737 0.09098979
532 738 0.08619420
533 22 0.10234691
533 23 0.10280980
533 49 0.11072943
533 699 0.10143140
533 705 0.52695642
534 18 0.11697368
534 24 0.09871658
534 52 0.09457366
534 54 0.12595798
534 80 0.13384984
534 84 0.10891869
534 91 0.18865455
534 112 0.10906129
534 119 0.08716572
534 526 0.16546348
534 564 0.12014047
535 85 0.05324091
535 701 0.34839841
535 706 0.05521754
535 715 0.51349229
535 743 0.24667708
536 569 0.08346636
536 617 0.11126186
536 657 0.21253845
536 661 0.08717729
536 676 0.10985453
536 686 0.24690147
537 92 0.05608370
537 654 0.08899436
537 698 0.08675456
537 731 0.11185013
537 735 0.12926947
537 738 0.15675928
538 51 0.05091508
538 630 0.08863206
538 647 0.05515470
538 687 0.15721834
538 731 0.07574759
538 732 0.15440479
538 738 0.11076427
539 100 0.08811693
539 537 0.08025531
539 577 0.11623490
539 610 0.12556806
539 641 0.36003015
539 648 0.08108147
539 655 0.31713342
539 675 0.10877794
539 727 1.00000000
540 250 0.06604009
540 514 0.04917546
540 649 0.08370409
540 667 0.05606435
540 715 0.51988941
541 42 0.05746330
541 71 0.05483924
541 73 0.08329741
541 108 0.04330842
541 699 0.05246877
542 617 0.08662820
542 657 0.37226782
542 686 0.26708061
542 692 0.15650657
542 717 0.09113513
543 304 0.09281533
543 501 0.14809719
543 516 0.14721194
543 522 0.10920614
543 529 0.13255996
543 530 0.12028064
543 547 0.15652413
543 551 0.15131244
543 554 0.17497392
543 558 0.13733648
543 570 0.11186086
543 573 0.13431802
543 574 0.18233254
543 577 0.11449454
543 587 0.07230672
543 598 0.06540660
543 600 0.12055925
543 608 0.13584292
543 610 0.18538329
543 615 0.21589789
543 620 0.05875843
543 622 0.05072999
543 628 0.10204220
543 633 0.10755851
543 634 0.14198946
543 644 0.07981860
543 651 0.48776634
543 659 0.19188424
543 668 0.09795562
543 681 0.12470736
543 690 0.11312505
543 719 0.05855653
543 720 0.09318046
543 733 0.20434035
543 737 0.11424979
543 747 0.12178141
544 268 0.06308125
544 354 0.06611886
544 615 0.05988771
544 650 1.00000000
544 744 0.07293045
545 300 0.06149932
545 518 0.05712754
545 545 0.06291148
545 584 0.07239918
545 588 0.06716301
546 75 0.05812517
546 107 0.13559871
546 526 0.07927723
546 551 0.06740894
546 641 0.06213880
547 17 0.08009788
547 23 0.18818701
547 27 0.16263012
547 65 0.05552913
547 82 0.27157109
547 85 0.10226821
547 198 0.06407053
547 636 0.18833245
547 692 0.31509048
547 723 0.15411356
547 726 0.10078556
547 729 0.20249878
548 23 0.08557079
548 90 0.09071259
548 392 0.08100119
548 612 0.06413640
548 642 0.11645203
548 670 0.05540541
548 704 0.09114156
548 736 0.08773528
549 112 0.59202081
549 367 0.11249678
549 556 0.12831455
549 647 0.61151271
549 669 0.55238415
549 670 0.03636962
549 690 0.13245462
549 700 0.20012792
549 708 0.55115726
549 742 0.17009383
549 748 0.63832028
550 38 0.07609265
550 55 0.05027935
550 309 0.05101177
550 673 0.05744020
550 735 0.18515091
551 671 0.15147765
551 676 0.13480804
551 708 0.16042355
551 717 0.18420964
551 737 0.13546683
551 738 0.12540227
552 10 0.15541523
552 32 0.19194331
552 34 0.39574642
552 636 0.19218491
552 642 0.21699688
552 643 0.28134007
552 645 0.38081700
552 658 0.38651185
552 669 0.22663967
552 671 0.22037380
552 679 0.21918009
552 684 0.21280349
552 688 0.19391106
552 712 0.17482729
552 716 0.30587659
552 736 0.32130838
552 745 0.32669545
552 748 0.21259509
552 749 0.14200425
553 10 0.14044411
553 32 0.18802923
553 34 0.37299572
553 642 0.21136089
553 645 0.35593789
553 658 0.42858227
553 669 0.22047619
553 671 0.21557431
553 679 0.19583860
553 684 0.19815500
553 688 0.18973962
553 712 0.17102016
553 716 0.29351236
553 736 0.28834220
553 745 0.29594419
553 748 0.19161938
554 9 0.18502944
554 23 0.11161383
554 27 0.10881297
554 82 0.13365239
554 510 0.04579050
554 692 0.17083183
555 49 0.04208957
555 107 0.08679512
555 313 0.05337570
555 641 0.07187712
555 737 0.05100995
556 117 0.10652203
556 598 0.04586158
556 601 0.10548855
556 650 0.06390875
556 661 0.10943435
556 670 0.03468740
556 676 0.11064020
556 683 0.10326191
557 542 0.04815072
557 606 0.05612305
557 631 0.75306115
557 703 1.00000000
557 732 0.06801481
558 72 0.05633988
558 391 0.07597127
558 508 0.15897582
558 509 0.09272844
558 515 0.04991961
558 517 0.05862177
558 522 0.10303661
558 527 0.08385604
558 553 0.12266140
558 554 0.13442921
558 556 0.16398827
558 570 0.09928944
558 573 0.13333019
558 592 0.13135010
558 603 0.09282317
558 606 0.12352268
558 609 0.12737377
558 610 0.15379136
558 634 0.78640799
558 635 0.41356987
558 643 0.40597094
558 651 0.16290434
558 675 0.09534513
558 681 0.29900448
558 697 0.38519818
558 702 0.08322029
558 709 0.09207401
559 111 0.07798105
559 283 0.09471786
559 320 0.06108037
559 337 0.07215058
559 344 0.09202409
559 681 0.08863997
560 82 0.14240203
560 157 0.06314706
560 309 0.15618174
560 597 0.12780474
560 636 0.12162367
560 692 0.14249310
561 67 0.05636477
561 500 0.05892089
561 564 0.07281785
561 610 0.05959884
561 713 0.05353960
561 722 0.06969940
562 323 0.05858390
562 574 0.10185319
562 621 0.07257219
562 633 1.00000000
562 681 0.10621597
562 695 0.11555776
563 82 0.10983633
563 94 0.12315434
563 103 0.26078288
563 309 0.08450653
563 718 0.55202479
564 54 0.07253877
564 118 0.14889595
564 431 0.07097202
564 665 0.15320492
564 696 0.06820902
564 728 0.07546459
565 42 0.06656277
565 637 1.00000000
565 660 0.81547601
565 672 0.15504115
565 673 0.12377403
565 687 0.18228939
565 730 0.04197007
565 732 0.09933951
566 508 0.06503114
566 556 0.04909328
566 558 0.05327760
566 662 0.05067393
566 733 0.06179211
567 31 0.03151239
567 54 0.10894610
567 68 0.10723794
567 651 0.15049157
567 659 0.10992097
567 676 0.10670924
568 47 0.31329753
568 57 0.13947026
568 63 0.21135631
568 82 0.22910873
568 85 0.18243246
568 110 0.09787728
568 170 0.12186865
568 183 0.10242809
568 636 0.18636572
568 692 0.45768358
568 723 0.16056711
568 729 0.16763951
569 81 0.10362646
569 427 0.05219945
569 651 0.16644850
569 659 0.15813739
569 671 0.48616830
569 747 0.24516523
570 531 0.05831058
570 731 0.07668804
570 736 0.07926963
570 738 0.25377005
570 740 0.07118218
571 27 0.13847911
571 82 0.31766385
571 98 0.12449067
571 636 0.19130957
571 692 0.39171373
571 723 0.17237907
571 729 0.20700642
572 91 0.10870305
572 508 0.09278528
572 610 0.09250773
572 683 0.13010049
572 710 0.12517548
573 630 0.09973182
573 642 0.09950970
573 660 0.07823445
573 666 0.05211626
573 687 0.34254142
573 702 0.08307746
573 731 0.09605578
573 732 0.52676226
573 738 0.13858244
574 183 0.08027359
574 554 0.10322016
574 651 0.13099051
574 659 0.15086422
574 667 0.09012656
574 685 0.08361478
574 694 0.22284583
574 716 0.28005130
575 131 0.07234937
575 667 0.12767255
575 685 0.11142608
575 716 0.10485146
575 720 0.38617506
576 27 0.05383034
576 82 0.20180436
576 98 0.05385605
576 341 0.04789246
576 692 0.08489915
576 718 0.06850445
577 10 0.19529499
577 74 0.18650617
577 294 0.06928723
577 629 0.27071699
577 711 0.21046792
577 726 1.00000000
578 23 0.06024272
578 107 0.18477363
578 475 0.06196457
578 526 0.08059224
578 575 0.04555442
578 641 0.08416715
579 44 0.06492057
579 523 0.06707855
579 588 0.06677477
579 599 0.08950775
579 706 0.71742967
580 469 0.06391630
580 653 0.09231147
580 672 0.06930744
580 676 0.06368346
580 683 0.06912213
581 385 0.06507423
581 501 0.05802740
581 578 0.08449491
581 646 0.06579254
581 722 0.31798317
582 508 0.05595172
582 522 0.06410710
582 526 0.06832156
582 565 0.05843390
582 600 0.07879555
583 530 0.11525561
583 531 0.08913124
583 597 0.09799256
583 634 0.15305815
583 635 0.23373262
583 638 0.33222956
583 643 0.22183244
583 658 0.21162839
583 694 0.21790324
583 697 0.20654738
583 728 0.24885993
584 364 0.08972561
584 626 0.36051791
584 635 0.41991069
584 638 0.33736907
584 642 0.15635843
584 643 0.37499207
584 645 0.23237314
584 658 0.14100390
584 669 0.18625375
584 694 0.22937265
584 697 0.16050102
584 712 0.15138243
584 728 1.00000000
585 117 0.08788562
585 167 0.04709520
585 342 0.09093405
585 631 0.05111360
585 687 0.08332708
585 698 0.24039826
585 703 0.06809075
585 732 0.49717373
586 58 0.09012567
586 335 0.04756273
586 536 0.09537165
586 552 0.08970960
586 699 0.09473351
586 704 0.21710707
587 274 0.05056699
587 508 0.08191625
587 536 0.08757749
587 610 0.08062955
587 667 0.06234426
587 685 0.05858954
587 704 0.09264699
587 720 1.00000000
588 34 0.18598870
588 264 0.07005826
588 645 0.20231834
588 671 0.29119914
588 688 0.27025750
588 708 0.15327353
588 712 0.23770319
588 749 0.17342154
589 131 0.06407700
589 667 1.00000000
589 685 0.10833168
589 716 0.10893033
589 720 0.06234426
590 34 0.17435065
590 642 0.16702563
590 645 0.18169810
590 654 0.10835902
590 666 0.15518232
590 736 0.18994524
590 740 0.09818824
590 745 0.17049107
591 11 0.06455417
591 258 0.05672413
591 565 0.13170566
591 617 0.12601627
591 618 0.05402290
591 661 0.12328496
591 676 0.28568406
591 683 0.14716876
591 708 0.10926364
591 739 0.09562816
592 635 0.22210151
592 638 0.62615922
592 643 0.17807068
592 694 0.18502915
592 728 0.25891205
593 236 0.03756632
593 296 0.03931051
593 438 0.04414563
593 463 0.04537565
593 496 0.05152373
594 151 0.04609391
594 325 0.10603593
594 647 0.07180709
594 654 0.11259282
594 677 0.07874572
594 731 0.08768402
594 740 0.11825501
595 151 0.06646034
595 462 0.07244961
595 602 0.07562967
595 620 0.06430021
595 686 0.07663666
595 710 0.17492359
596 30 0.04012333
596 201 0.03965100
596 345 0.04320405
596 409 0.04637827
596 685 0.46164054
597 3 0.06494303
597 23 0.19337169
597 27 0.18829412
597 28 0.05636902
597 82 0.19476045
597 98 0.16257936
597 539 0.07656694
597 627 0.19010212
597 636 0.27430082
597 692 0.22430379
597 729 0.25442358
598 3 0.10972757
598 10 0.26644837
598 28 0.06163394
598 39 0.11427781
598 62 0.13762096
598 78 0.12933425
598 87 0.05024653
598 109 0.11607555
598 627 0.14664545
598 629 0.32948404
598 653 0.10447817
598 666 0.06122138
598 726 0.19564293
598 729 0.19202513
599 412 0.06316211
599 551 0.11234068
599 691 0.52297390
599 699 0.10700481
599 724 0.05898233
599 741 1.00000000
599 742 0.59547947
600 20 0.04411285
600 52 0.04177665
600 405 0.04057760
600 684 0.04224745
600 705 1.00000000
